t(h),ACCOA(mmol.gDW-1),ADP(mmol.gDW-1),AKG(mmol.gDW-1),AMP(mmol.gDW-1),ATP(mmol.gDW-1),CIT(mmol.gDW-1),F6P(mmol.gDW-1),G6P(mmol.gDW-1),GAP(mmol.gDW-1),GLU(mmol.gDW-1),MAL(mmol.gDW-1),NAD(mmol.gDW-1),NADH(mmol.gDW-1),NADP(mmol.gDW-1),NADPH(mmol.gDW-1),OXA(mmol.gDW-1),PEP(mmol.gDW-1),PYR(mmol.gDW-1),R5P(mmol.gDW-1),SUC(mmol.gDW-1),X5P(mmol.gDW-1),ALA(mM),ARG(mM),ASN(mM),ASP(mM),CYS(mM),EGLC(mM),EGLN(mM),EGLU(mM),EPYR(mM),GLY(mM),HIS(mM),ILE(mM),LAC(mM),LEU(mM),LYS(mM),MET(mM),NH4(mM),PHE(mM),PRO(mM),SER(mM),THR(mM),TYR(mM),VAL(mM),mAB(mg/L),X(gDW/L),V(L),ACCOA(mmol.gDW-1)_noisy,ADP(mmol.gDW-1)_noisy,AKG(mmol.gDW-1)_noisy,AMP(mmol.gDW-1)_noisy,ATP(mmol.gDW-1)_noisy,CIT(mmol.gDW-1)_noisy,F6P(mmol.gDW-1)_noisy,G6P(mmol.gDW-1)_noisy,GAP(mmol.gDW-1)_noisy,GLU(mmol.gDW-1)_noisy,MAL(mmol.gDW-1)_noisy,NAD(mmol.gDW-1)_noisy,NADH(mmol.gDW-1)_noisy,NADP(mmol.gDW-1)_noisy,NADPH(mmol.gDW-1)_noisy,OXA(mmol.gDW-1)_noisy,PEP(mmol.gDW-1)_noisy,PYR(mmol.gDW-1)_noisy,R5P(mmol.gDW-1)_noisy,SUC(mmol.gDW-1)_noisy,X5P(mmol.gDW-1)_noisy,ALA(mM)_noisy,ARG(mM)_noisy,ASN(mM)_noisy,ASP(mM)_noisy,CYS(mM)_noisy,EGLC(mM)_noisy,EGLN(mM)_noisy,EGLU(mM)_noisy,EPYR(mM)_noisy,GLY(mM)_noisy,HIS(mM)_noisy,ILE(mM)_noisy,LAC(mM)_noisy,LEU(mM)_noisy,LYS(mM)_noisy,MET(mM)_noisy,NH4(mM)_noisy,PHE(mM)_noisy,PRO(mM)_noisy,SER(mM)_noisy,THR(mM)_noisy,TYR(mM)_noisy,VAL(mM)_noisy,mAB(mg/L)_noisy,X(gDW/L)_noisy,feed_rate,feed_state
0.0,13.968253968253968,0.2126984126984127,0.0006031746031746032,0.0009841269841269838,0.022222222222222216,1.9047619047619042,0.0001333333333333333,0.00017777777777777779,0.0012698412698412696,0.6984126984126984,0.0047619047619047615,0.02825396825396825,0.0023809523809523807,0.0030158730158730157,0.0029523809523809524,0.0006349206349206348,0.002793650793650793,0.0015873015873015869,7.619047619047618e-05,0.00025396825396825396,9.523809523809523e-06,1.11,6.06,11.17,4.470000000000001,2.5,72.55,1.21,0.97,0.23,0.65,1.5,8.17,5.219999999999999,10.84,5.75,2.2300000000000004,2.1199999999999997,3.42,8.980000000000002,10.7,5.200000000000001,2.32,7.619999999999999,0.0,1.26,270.0,13.968253968253968,0.2126984126984127,0.0006031746031746032,0.0009841269841269838,0.022222222222222216,1.9047619047619042,0.0001333333333333333,0.00017777777777777779,0.0012698412698412696,0.6984126984126984,0.0047619047619047615,0.02825396825396825,0.0023809523809523807,0.0030158730158730157,0.0029523809523809524,0.0006349206349206348,0.002793650793650793,0.0015873015873015869,7.619047619047618e-05,0.00025396825396825396,9.523809523809523e-06,1.11,6.06,11.17,4.470000000000001,2.5,72.55,1.21,0.97,0.23,0.65,1.5,8.17,5.219999999999999,10.84,5.75,2.2300000000000004,2.1199999999999997,3.42,8.980000000000002,10.7,5.200000000000001,2.32,7.619999999999999,0.0,1.26,0.2,0
12.0,10.099224828204475,0.04930222166393671,0.000583425082303029,0.00999990042368338,0.26139447175842967,1.4803040804647312,0.0002104993057466622,0.001235334285616639,0.006143510165899272,0.4856143590003664,0.00464917932682594,0.029688359564622072,0.0020525997231169634,0.028588089429270797,0.015187988404563974,0.0009618127383833157,0.007316719029210656,0.001796144476683217,9.502926033246017e-05,0.00044759219440433456,1.3755857988369714e-05,1.661106446125136,6.028316165466726,10.76204243871973,4.1846829333283235,2.4660212618365116,70.04820924217503,1.1761741732455755,1.0619877230461106,0.2992514858193675,0.5472035955200033,1.4246928117818587,8.079845867356767,11.763304281081268,10.642644103421112,5.504542838886908,2.1896209684174837,2.972345013659275,3.3500118585669827,8.88200094202618,10.1560547607815,5.1721447419010556,2.2395212614714164,7.479706230413578,0.19466047539569362,1.9698092310319448,272.40000000000083,11.079327885694088,0.04680317987920275,0.0006007728441836831,0.009625446584154923,0.26157976709460073,1.6559637536919003,0.00023938690280135057,0.0012225254509149039,0.006848063480843231,0.5809625959038908,0.004451721942745313,0.03151277061460092,0.0015997296098255618,0.027524971473826303,0.014997903972734861,0.0008123016448588464,0.007073557860587646,0.0015860393755430427,7.822006694585394e-05,0.0003875763830195229,1.5354579437145592e-05,1.729154691521767,6.0140544024784655,10.51744174252652,4.07256725630865,3.1153334183399926,79.33402037093286,1.2435749259428996,1.167852977492284,0.3267490843801944,0.6285851961233653,1.3528288908913653,7.4862021626239414,11.546840930551465,12.640111302238877,4.805888366043006,2.1265251265554537,3.2671919761072292,3.0660834462680104,8.256776676331487,11.611269509008737,5.509959789737813,1.902868553742695,8.588292443909245,0.19757924908970226,1.9858366408136945,0.2,0
24.0,8.231682904051784,0.06196577796671436,0.0005674657705408189,0.011008760101093864,0.294454761599745,1.290789548716475,0.0002522325440587739,0.0014019438990357145,0.003130737455672438,0.40022986926882687,0.004478546299324231,0.029685574345368983,0.0018741791570090162,0.028779709155357328,0.015556834910399367,0.0009471887493486542,0.00864360146098554,0.0018458449114822216,9.835734597247333e-05,0.00037946061514556234,1.3755992268735665e-05,2.411463471265087,5.9064048696035565,10.155772154508556,3.7111099962258214,2.4199765486549296,65.69866696176034,1.1683051747025939,1.169435092758472,0.3554089688690559,0.46998469451255004,1.2828429337145988,7.952492938987205,18.651030725087985,10.378529402388489,5.199352333152607,2.1339149344987316,4.237325099465108,3.252833552978018,8.751957357114101,9.311219173172887,5.009745491704143,2.1351772450530633,7.287541610787114,0.4882686409878982,2.888581405347458,274.80000000000086,7.404368026075673,0.053074244485681786,0.0005764838495898848,0.008954871169201928,0.2727792188878333,1.1261531703361907,0.00025160352914920957,0.0010925539052765126,0.003108191725747366,0.33276284960698443,0.004285145460988139,0.023983493222940522,0.002316965028396288,0.027671353686653622,0.014561556952609541,0.0007725036104536748,0.008196762634339903,0.001997188872471781,0.00011353817674410871,0.00036832119411005286,1.2995727324462818e-05,2.5562953146756833,5.3617649600631285,10.403150470722489,3.0029253057757206,2.040411300010254,72.4878436591456,1.0564417607645862,1.1799613542273606,0.33443965042619234,0.4886092975932338,1.3237051236006112,8.105659005800195,20.466122671844065,10.272456566733975,3.8534281361856477,2.3540118520000473,4.242078871121222,2.7996229678338853,9.062025301708788,7.140300629305494,5.288066620685949,2.113115576525012,6.505389870050664,0.4260206834518324,3.3425984865487766,0.2,0
36.0,7.44540157840669,0.0687068520773214,0.0005569354090286231,0.010969767334944145,0.31465982957674454,1.2319806871410175,0.00027915484730353673,0.0015385256932432334,0.002107372728550714,0.3841641552619745,0.004365981211681604,0.029677407726834498,0.0018048688675081199,0.028779024461432896,0.015726522386894565,0.0009252287243035114,0.010213227267788744,0.0018535360783873743,0.00010167112151383527,0.00035541014936404486,1.3756114522253319e-05,3.382176894209885,5.700117768444727,9.324601738202258,3.03217939868752,2.3648136510240323,59.712907168121234,1.2239546346816896,1.2961144482514226,0.39499582527692567,0.45429081160178364,1.0749146296192698,7.795006488691634,24.921269533436085,10.062032113889181,4.847333499989183,2.066617528785025,5.98854595456413,3.135084239081657,8.597727094905487,8.122494483298336,4.702842400961946,2.0108766896942596,7.054185946686698,0.8996021591658531,3.964663465208792,277.200000000001,7.514613262309428,0.08061098241384665,0.00042396163447142715,0.011174590908367265,0.283526243656261,1.1906845207826224,0.000318130891809875,0.0014631506090412142,0.0017956868066369,0.3999459783470489,0.0037871410106518617,0.026907945034698313,0.0017154981974596103,0.030666146322471288,0.017332254640346042,0.000983573104995992,0.00988007059957748,0.0020116074002766984,0.0001015465076501227,0.0004257774120466147,1.1500200878032661e-05,3.8868340472993697,5.450978378027029,8.34777092844237,2.834975240914829,2.004715366576434,54.447886395295136,1.2596546670786057,1.1973693875761604,0.43714480395885696,0.4410901310301087,1.2104128741574802,6.713963403674692,19.872306189276877,10.519148187364195,4.978302213390206,1.9631040788174057,6.311593803101926,3.0571033959109903,8.211399365352731,8.656055215015792,4.608874536519794,2.0681127483288497,7.000071147010875,0.9582855930253527,4.252830711531067,0.2,0
48.0,7.259400543919517,0.07143699834773853,0.0005514071064752888,0.0104700604536009,0.32888935520957735,1.2493107415202456,0.0002891504272834456,0.0016205116103166768,0.0016084837241618492,0.39877838068389665,0.004305009657372491,0.029668365629813953,0.0017970504032308752,0.02878347282191545,0.015822035939333897,0.0009040435182031002,0.011953878174350858,0.0018453963009230025,0.00010453485136108139,0.0003525393543146916,1.3756214210256627e-05,4.600127446037519,5.4296069264695,8.261728994787271,2.1373495454902556,2.3044932214212537,52.45932744526362,1.3764406912601377,1.4464243126436254,0.4160262020131149,0.5236612312836582,0.8138401156511001,7.617735983284009,29.60018825286786,9.713327950095762,4.466696923024338,1.992747107689335,8.256363972386147,3.0056562333564676,8.429868938238751,6.5738210186859565,4.262783808878576,1.8727326140008744,6.794847239792463,1.4410044638244968,5.128659363202272,279.6000000000011,7.684246956732578,0.07149564654115932,0.00044559888552930826,0.00874861258661459,0.31797233612764286,1.3165387067294294,0.00031366413491263175,0.0011977507918860192,0.0013270485999207137,0.4348700102985697,0.004304182724652047,0.03594424955468717,0.0016447654760126992,0.02805675334580677,0.01694184314516059,0.0008002884352385099,0.010116375605175776,0.001710989218501118,0.00011706246960999732,0.00029402600011217234,1.1992926384033508e-05,5.082438864251529,5.652463980528962,8.104051774017776,2.133861302318637,2.0405267428625686,56.9811308952381,1.4965804871074226,1.4969279685381722,0.43268760740142104,0.44258981193438174,0.6755821676613694,8.77262311616555,25.76454233061545,10.58847195603051,4.219433183837458,2.0017713526114616,10.054916385793364,3.324634421616461,8.585983206368333,6.003547359757721,3.74575454350368,2.1537146912566887,7.773219280737081,1.4286400059005053,4.861283505364852,0.2,0
60.0,7.4275250993299515,0.07148104224223774,0.0005503278185536557,0.009788589008192052,0.3402351801618904,1.3127216635561307,0.00028345446145331457,0.0016194585383577352,0.0013308423044505354,0.4191329421483088,0.004288808324556806,0.029653938678648885,0.0018325853623989182,0.028800764470706963,0.015838086600620194,0.0008822099497772657,0.013820520351554694,0.0018310640137422158,0.00010691261335759565,0.00036420104080305893,1.3756293134115768e-05,6.066296047025629,5.132072025642815,6.97999784210772,1.029911698022604,2.2426813462405506,44.27987673576333,1.641066185462924,1.621426506354833,0.4186108495959567,0.6845843351096558,0.5301351690810426,7.430729937181787,32.01125854482315,9.351559576905883,4.07476579644074,1.916948328423377,11.018642950519023,2.8727804684718645,8.258155853310067,4.676251956684648,3.715377278327795,1.7268718511806518,6.524071862221704,2.106559556032188,6.316345454698843,282.00000000000097,7.794985380498604,0.06182484435214182,0.0005511171931583832,0.010837516617820472,0.41075283952966946,1.3258306886201903,0.0002853081416620266,0.0019277508966209567,0.0014613583290564558,0.3885326597203536,0.0036245962295360715,0.03217013089218657,0.0018704008150186061,0.024140906126759617,0.015178865796088188,0.0007844804944446286,0.01365065009911502,0.002172688370556332,0.00010113509628738781,0.0004081494324997886,1.3725532549609791e-05,6.4778521399163065,3.9698089990558776,8.94654395732626,1.1584394063498775,2.167051413978721,38.62073182148999,1.8128660570014292,1.5877186848088987,0.3414522379378869,0.6101029513694428,0.5080000805390085,7.774794609173759,32.280176791667344,8.507031705542731,4.607467928131368,1.621191419674565,13.174610916371389,2.8188605443772237,7.6411626808422835,4.3632977994658395,3.3269187073294852,1.4046023467153848,6.4385972461248,2.2885451610946115,5.818830264373521,0.2,0
72.0,7.877189846241612,0.054975101657119926,0.0006094220597622373,0.006931422709708533,0.36675874412518567,1.3880361766137561,0.0002815954403434109,0.0014496244115747333,0.0013438919965382426,0.409585601111572,0.004895413675465414,0.029226458049099274,0.0024724567468826448,0.028830643598064948,0.015774280018691522,0.0007389522109411739,0.017472980221699106,0.0017515483882620106,0.00011017888721630601,0.0006457365927504491,1.3756411848573716e-05,7.682563394045779,4.870092161306411,5.522912185715605,0.03497735070350035,2.185463861790893,35.761368895595616,1.9840136893647362,1.8154899259800263,0.4045487140106813,0.909423346700795,0.27532164202526294,7.2498759371794455,31.60108349187533,9.007710120351213,3.6995275709749222,1.8469261620138337,14.217068121390634,2.750117466012622,8.09880999005328,2.4953980443356247,3.141797376721254,1.5826810550858583,6.265223679773536,2.7333621385962332,7.421277549384895,284.40000000000066,7.849868811857933,0.057845982498611684,0.0006500035841655921,0.006461991595876998,0.4171257778396648,1.704767586143714,0.0003014087157691924,0.001438523063958948,0.0010100693114213299,0.4914337165625512,0.004643544405127126,0.029077358744392535,0.002012634520971535,0.02742208909094908,0.015143434602595806,0.0006355590221027751,0.01820594603323343,0.0014637766478996738,0.00010014236985755455,0.000603238447787605,1.5311413463006755e-05,6.6759992171441676,4.573691010935738,5.55653989553454,0.03768169852804076,2.0025296112212008,33.336729387642244,2.0901586667932026,2.112764880907297,0.3452532450185177,0.8192418478968084,0.24173826836002887,7.509789863092116,33.67414554553368,8.51299220092008,4.2510026424190706,2.024317893673045,14.705090854763716,3.0553518734897924,9.358055232671237,2.90969913532696,3.0246550970398287,1.709539446532683,5.833993975222208,2.81193446021494,8.757401990307436,0.2,0
84.0,8.70972781714334,0.05143288721600248,0.0006006956092793876,0.006122946284788338,0.375594543230541,1.4212276854776278,0.00024977845045285897,0.0012227921596731552,0.001304681358629948,0.3418317129608155,0.004803097491606354,0.02946435991523055,0.002683871901572451,0.02895116164206235,0.015515995125974753,0.0006979467562699252,0.019435256195921485,0.0017385954916911558,0.00011168002745690286,0.000724959383297603,1.3756456881796578e-05,9.084866684957227,4.734557996051223,4.009560947622202,0.030916922684711915,2.145543592274528,28.302984827437406,2.264096352201781,2.0019490554083523,0.3789723748189603,1.1195500498694246,0.11725774769085431,7.108344192747036,27.49342033539094,8.746469991856086,3.3994486491199,1.7987624825821795,17.585009350595058,2.6661778320188945,7.985695378678647,0.37687440620748236,2.732327503081131,1.4597731542499517,6.067080736148736,3.004420395504923,8.221395749705339,286.8000000000006,8.267360744680673,0.049391275049553,0.000584790413725427,0.0054935858655929546,0.38404623582593417,1.4677508197505487,0.00024505204318262696,0.0013384949982358694,0.00142075627484803,0.3301412251176492,0.004952221556830577,0.03509888661911608,0.0029543210064490255,0.03764183997411362,0.01554751234635333,0.0007708082288170902,0.016042960515516604,0.0016302695980946955,0.0001046362951373443,0.0005929821490351148,1.4769774915030195e-05,8.316489899735062,4.894221840507671,3.915095244137635,0.034638122204698536,2.3885050905843146,27.023247013280574,2.147876760890669,1.8052833429691744,0.3894915156386812,0.9136821913616431,0.10969999347285707,7.1401722565941945,34.21365542596556,7.7292346331295665,3.3562211409538274,1.6428827068125271,17.98656463667898,2.7821964329198554,7.696289147422266,0.32703382054785424,2.991033936377101,1.3404331996202807,6.855539636628535,3.0728112305835755,7.9753089733916,0.2,0
96.0,9.618131202176725,0.04898190489552711,0.0005923121940582903,0.00564958047791897,0.3818393903189517,1.4371139132053206,0.0002029633365040681,0.0009007381762500789,0.0013274184701669706,0.2935730502742223,0.004710767695851522,0.029505877918105702,0.0028480877209443476,0.029199029725857074,0.014954043365383743,0.0006569943399547762,0.020769498670155977,0.0016925552687643295,0.0001125222282976349,0.0007874702406878532,1.3756487173610127e-05,10.232886461575427,4.705968644231258,2.524908480220601,0.026061468119594977,2.1120200222688217,20.569187762411165,2.517652301503749,2.1651253140514175,0.347589864015613,1.3541682625508527,0.05613049559294216,6.982065925287491,20.84274004882433,8.516706754670862,3.1286902313974196,1.7586595622655936,19.185352949142636,2.5965007818451324,7.889747750395924,0.0033145272084334817,2.3520720663274783,1.3456937949459409,5.892174047053847,3.208387123093651,8.90740146752507,289.2000001054766,10.891731674096839,0.05185552257384492,0.0007039953960219353,0.006755251000825266,0.3868487139698894,1.6899827835630776,0.00020223990865234445,0.001065543856393566,0.0012292069106894239,0.2799639669257598,0.004461541356330646,0.028055911586125665,0.002957368363975379,0.027965903743994547,0.015827210784988978,0.0006280240243614648,0.0222722876079534,0.0017632430180146942,0.00011055413060454232,0.0007657228956428826,1.1517133272070273e-05,9.237833872021422,5.295730192226788,2.4841119600105386,0.024471870069576428,1.9149179547009587,16.947003015304965,2.8288305548358337,2.518795125001375,0.33349613109531984,1.09391799256389,0.054156912283950205,6.88191231562962,21.28828673655337,8.804840703472436,2.2406514863694222,1.5220128452366768,21.16963685943814,2.718061073829937,6.9333647841251365,0.003240479910435395,2.1910372624153402,1.261418682477766,6.259014510910524,3.2496601931364544,8.704402841947045,1.5,1
108.0,10.911498646002245,0.05645593143470882,0.0005532761933790842,0.006822534085884825,0.40986324687033404,1.5767303761358862,0.00015261123735843218,0.0014802081077153293,0.0013445481362530202,0.4218890141247464,0.004303531097562899,0.030817846928940226,0.0025823661862281,0.029916674911666462,0.016271210970259072,0.0007272311356846224,0.021472610508079654,0.0016998197396828638,0.00011598564013925329,0.0006262131080089573,1.3756556371553036e-05,11.276426150020512,5.856637043446128,1.9262456077485857,0.14131393256254643,2.162246429451984,36.867534218757434,3.0154786992449747,2.4657820333136815,0.7628259832981398,1.7139721222635087,0.4598024682028942,7.165514318583675,14.39220819924361,8.686437781314812,2.8696867389927077,1.8406972322214779,20.496119284820015,2.7487285890410273,7.979266617814339,0.20647594768439997,3.4814921783304174,1.3100225141977409,6.081998041400451,68.27831157019548,8.375519725324134,307.20000010547705,10.910800540569934,0.06393927107851057,0.0004407895220496168,0.007361793295256513,0.39488423791045907,1.8075627776826968,0.00016451364060320403,0.0016402121061736357,0.0015619935786559918,0.4047022983858716,0.004235963189367849,0.03301699215179229,0.0030315630439234466,0.0379823683704296,0.018930070685979884,0.0007307757593697075,0.022463613719154268,0.0015317889807765607,0.00010500897338130031,0.0006805913616126957,1.1822978178275251e-05,13.154173686890307,6.1401579950978835,1.9373174995209201,0.13929802452553597,1.9197230508439007,39.024119201471834,2.9720995328719177,2.264376271821092,0.6533326705610513,1.6903354416781131,0.48090301241972006,7.533475650076643,14.476396846455115,8.935574223767249,2.8728401995547634,1.9175511328928796,19.35196189446438,1.9182360849164084,7.8866368122698365,0.2333038595979946,3.0069911614924845,1.2963369194360947,6.847719865725937,68.46402121998072,8.67731307836061,1.5,1
120.0,12.127738179777218,0.06264296589974996,0.0005705501782823024,0.007330037584992593,0.43471173605425517,1.7521418461000557,0.00011657712744349738,0.0017952022432908687,0.0013039807289342647,0.5580213986216401,0.0044778994669367215,0.031045911499802563,0.002461168731960302,0.030291847304098302,0.016816671045840142,0.0007464288484926397,0.02226358068756171,0.0016533364370377823,0.00011620094317839683,0.0006148552215740977,1.3756564724105759e-05,12.604085783647355,6.738856734768397,1.5159138836751145,0.10736794378086152,2.2085555874717353,51.145647541674194,3.5524660958358227,2.756844159084719,1.083432717973613,2.1096333709481048,0.6743954014423742,7.333902003714216,9.44228813045173,8.847072391466448,2.6479763238968603,1.9159480467757906,21.810624765212708,2.8878522562825313,8.063421116767119,0.2158184502044647,4.425182737310672,1.2817291068495427,6.257734041859512,133.3413135621958,7.851528914977444,325.2000001054772,12.47314854084924,0.06696858273687037,0.0006090802955071798,0.0072381133647430275,0.4710946867447249,1.6935699101162351,9.767943759240189e-05,0.0017986764544578044,0.00136376101814052,0.5228963492850337,0.005384685419305188,0.0241770012122264,0.002564533876670748,0.031928769249495996,0.017451584973417894,0.0007905817061024395,0.021072758779958765,0.0016707374573376446,0.00012253077270753577,0.0006387767568786901,1.3583053509435417e-05,13.893412070216337,7.408226466862251,1.639314703611912,0.1250334340362704,2.1293052500896903,53.615839382654585,3.6726848363130133,2.9996240348564926,1.1649500104726613,2.327824908278359,0.8026364072829161,7.064632847544542,10.274036264648613,7.623332284182072,2.7992039983581263,1.9763806199648557,24.77705749646237,3.1828823842282286,7.791290647576098,0.2107011587167471,4.788431481660329,1.0904774250778115,6.545381596323554,107.2397420418445,7.625159325722953,1.5,1
132.0,13.266929267613621,0.07345017323337781,0.0005801847779907123,0.008365189014118257,0.4490602095392269,1.9522927308596225,8.974559434405188e-05,0.002038041451855812,0.0011884684113908507,0.6757455365215056,0.004576248219885629,0.031197192446924156,0.0021551299787576903,0.03044920675840824,0.01709359276667536,0.000767069089124925,0.022183442989596427,0.0015976562516934962,0.00011642239493243133,0.0005279862907348713,1.3756571266399948e-05,13.941319822744097,7.481684799717153,1.2577254660121113,0.091800342151756,2.2522985246485048,63.75532401333881,4.127914925527635,3.0256622539366727,1.344036508958371,2.550414296062862,0.815636901805115,7.490922017899997,6.149736965741264,9.002675507504605,2.460343257460167,1.986110039478675,22.878015671552415,3.017497822828697,8.144783358231336,0.2241981600376471,5.203153944260926,1.2602848949388676,6.4242997312179515,188.28834093002035,7.332185555907381,343.20000010547716,11.503619923451936,0.07264851211760377,0.000458568779540058,0.008628252726669262,0.37884563160230517,2.1504407073586185,8.304751093343764e-05,0.002184086391732452,0.0011626959302605234,0.7265242641346059,0.0035230989338817615,0.03213300618921612,0.002248132519715401,0.03147252716331266,0.018244640734482946,0.0006936709977365355,0.018786348320256465,0.001524091372551851,0.00011052978480534233,0.0004975631039507289,1.234890555555092e-05,15.246884105455496,6.717947249248316,1.1527427857274548,0.09386405412961427,2.552720010446599,68.84814928139106,5.1135413259280575,2.8952813161881283,1.301049404231902,2.4621048725516306,0.8571740422613794,7.727736028746849,7.294295202151575,8.586446657974511,2.1198153026376283,1.8853967111093228,22.46395039367749,3.2585787233533043,8.372136975467335,0.20282133745201048,4.523992828710018,1.2892686183080402,5.820052537528907,147.69785122193443,8.080368749743258,1.5,1
144.0,14.324902053827678,0.08663955963244897,0.0005858351113684416,0.009679873989916356,0.4567085680078383,2.178272932940652,7.449919624813294e-05,0.0022582386530108915,0.0010610363677042143,0.7752295377630433,0.004633659470380198,0.031239610414698988,0.0018630897517999368,0.030519735893479602,0.017267969005395834,0.000790312475477887,0.021807284319699072,0.0015483927530221655,0.00011661404420792625,0.00044333683186462353,1.375657630878941e-05,15.195821908529796,8.13178867223317,1.1084374142647582,0.0855153091297208,2.293417840695932,74.88779801659342,4.757077395110369,3.268113838330091,1.5628606660547193,3.05685605806779,0.9210834947737311,7.637543420826982,4.5306114597600375,9.152211863675223,2.300092858507575,2.051407692450273,23.69328803311174,3.138098675402628,8.222611830411292,0.23476451668333584,5.80907547643081,1.244399018517945,6.581758726357475,235.3842260132114,6.828313907855077,361.2000001054772,12.668707744970897,0.07812859666571695,0.000526006764358603,0.009814827966868658,0.48023490113825623,2.3978996316493717,8.128282210451828e-05,0.0019754898338012958,0.0011200775932062453,0.8030478127330977,0.004851452969600137,0.03129178803191619,0.0020723522023403866,0.031476199810248476,0.015090997854640596,0.0008049619366457743,0.019294369375223476,0.0017260339486018105,9.89414392935882e-05,0.000409311397740163,1.4115639035320086e-05,15.214293022720815,7.2522427134348,1.177839205220152,0.09545308987909921,2.1291761379338214,80.7566226545412,4.817122521375313,2.874947994096527,1.5712051658988158,3.521561864229745,1.0300790280750112,6.82752280865706,4.339494360791632,6.6588623568106975,2.4007818968770263,1.812673068014757,24.07308814569744,3.359157871722977,8.512377527099042,0.2348800550080378,5.7408737176508335,1.3004885168263796,7.661575558683163,206.87325048357155,6.319747865895812,1.5,1
156.0,15.321754831768386,0.09783747052110982,0.0005903151038994674,0.010788891956440963,0.4634975015122283,2.4289217407027035,6.698507564245208e-05,0.0024518031704020243,0.0009682199273953545,0.8590195569608904,0.004679420872738068,0.03120141709681389,0.0016898264701362131,0.030557852661705947,0.017388809417066407,0.0008120476447983429,0.0217201799616085,0.001517986043688274,0.00011676357894853144,0.0003954592987211226,1.3756580231763154e-05,16.360048778827093,8.713399131414894,1.0308855035814304,0.08393411326159325,2.3319476498866676,84.9464284226312,5.4163701956163885,3.48443218903222,1.7521473284607278,3.602037190993354,1.007436539433042,7.7745482512596125,3.8868936796070916,9.295042776112082,2.1619602800443323,2.1121266020650546,24.308698109579552,3.2501872958899316,8.296522059979115,0.24765871968558237,6.282093513272602,1.2329362610783645,6.730255958551133,276.51862095140547,6.346598749332965,379.2000001054771,16.54960140180843,0.111911411619486,0.0005965649440953405,0.011042804463677338,0.4604212508629645,2.3286380927070036,7.592989559095912e-05,0.0026576652307765286,0.0010268756926290813,0.8851748543245647,0.005230815817663016,0.02942737482138702,0.0015277325561894087,0.03374869394194474,0.016700272641569185,0.0007606951280969898,0.023539673035326624,0.0013942621965830695,0.0001225196173426982,0.0004125179258556894,1.576162410120266e-05,20.446543293287398,8.831702936546609,1.1402440221097954,0.085914494243902,2.613673796702589,85.63426810999479,5.423182577310914,4.0471594442802346,1.6160434968020378,3.98601741155231,0.8822379262804368,8.816195310034024,3.4648834860874254,8.931372104343982,2.509299696284875,1.904000628797854,21.412400661807855,3.283192295579803,8.129109380873645,0.29483362049853257,4.970029299996865,1.1638994703042995,6.150017964108479,206.03931029626025,6.656309435693873,1.5,1
168.0,16.280508554687128,0.10706133712648645,0.0005936939567471761,0.011687719047551288,0.47014629359943705,2.700897997329947,6.25821333177839e-05,0.002619593344444881,0.0009012513513568503,0.9312590534050431,0.004714183074947539,0.031161600899344843,0.0015828863194358757,0.030581799314900314,0.017476994360982503,0.0008320123025440289,0.021815992673679164,0.0014998198980640213,0.00011688126307723354,0.0003665077085870861,1.3756583305744977e-05,17.443390784200737,9.241522816039097,0.9985323164650112,0.08560883377154066,2.367987396667554,94.2773528637852,6.070887009750102,3.676610371936566,1.9204051479243964,4.147730669507942,1.083418254275744,7.902661233961073,3.591449675796466,9.430897142462744,2.0418593435834325,2.168585209906914,24.78600560897723,3.3543584720582924,8.366385374185473,0.2629974636596915,6.671057053638379,1.2249771733180075,6.8700917858014,313.0377021503822,5.890756426795942,397.20000010547705,18.226899607286665,0.10716933121404766,0.0005821562943279214,0.011295353304806972,0.5037534390575994,2.8292846222008476,6.635671963090527e-05,0.00257496440183726,0.0009063030432289125,0.8039634345934371,0.00427352274143741,0.03308317807729697,0.0017946428606344575,0.031002208759637002,0.012832406845032104,0.0007852852603509326,0.018989688303850283,0.0015839118336030446,0.00010771739602871748,0.0003743255474338725,1.3706993825015344e-05,14.608633450536095,9.130664902008496,0.9321986069308256,0.0809551807182936,2.7975332366852204,87.19919810577026,6.263620453267208,3.5561119310980382,1.8693096941624416,3.9433401062389026,1.2786296405539177,6.70745554485846,3.550176629087855,8.7977395800634,2.1152864739440957,1.9944353262938264,26.529076029163296,3.6165884296641857,9.27092670031788,0.2911531952848456,6.310603350029217,1.0956790100616927,6.561963865775184,316.8842731132671,5.345349500530791,1.5,1
180.0,17.21231965797788,0.11551938863192915,0.0005958136561264378,0.012509699647622564,0.4758337670225767,2.991892461825945,5.9347802448866286e-05,0.0027685762013464955,0.0008480310080085225,0.9952632266769303,0.004735998853446073,0.0311384888027125,0.0015011164922633337,0.030597918687789934,0.01754462906505236,0.0008512884093021222,0.021931523021291498,0.0014872741798181647,0.00011697768765800701,0.00034416126797892844,1.3756585755378365e-05,18.44702079940716,9.726778238757745,0.9945274339906488,0.08999318656116022,2.4016750840508507,103.05467871741685,6.703467092017207,3.847200365788596,2.073198667176412,4.675818364164708,1.154357119640179,8.022625436342068,3.4099438415216845,9.559827512936053,1.9366661901460653,2.2211139406702136,25.16324170949748,3.4512281148812423,8.432241545677662,0.2809845708913872,7.003345772049234,1.2198473137506998,7.001732522458044,345.93709484952245,5.462451830100575,415.20000010547733,17.887908788723944,0.12091061387050608,0.0005756114857169133,0.01290573436394678,0.49969941019179226,2.8736394275419963,5.8161635708967164e-05,0.0032564144874424267,0.0008730546859008534,0.8840364557187996,0.004432414622529011,0.03231700203516689,0.0015496578255697986,0.03144339288340547,0.02082082292291034,0.0008919113777702479,0.023255244966862786,0.001647732932686855,0.00010735015174723286,0.00034331700734780985,1.6931939639897365e-05,20.596033641749994,8.920941553585827,0.9326103022492167,0.09941943168154121,2.712092087605856,90.97952036118286,6.844755776472157,4.14392925946289,2.3522883196029563,4.511376729706779,1.2463328985610111,7.726069594723718,3.3113213526239687,9.206125427913152,1.8645577659415666,2.030618379020098,27.97660557877951,3.575672605218157,9.182229839115275,0.2302756307361695,6.241726147333313,1.0458797711227743,6.438999596527879,354.86836040881127,4.613977510758262,1.5,1
192.0,18.122129695737627,0.12365849011914225,0.0005968550725201696,0.013303765688503928,0.4804303397795805,3.300539218118935,5.6731067399459457e-05,0.0029027549476569638,0.0008038127322830065,1.0533203166422178,0.004746612054499998,0.03112586775525692,0.001432127712878307,0.03060944100249224,0.017598411911415132,0.0008702748873832656,0.022020410191176815,0.001477893988173004,0.00011705884443581427,0.00032504726524381375,1.375658774969621e-05,19.36982719428599,10.176995201932007,1.0088287526896456,0.09689711527313567,2.4331709536910138,111.36960986416044,7.30777194878353,3.998749071502749,2.2142834566892646,5.179625061514888,1.2235957720249768,8.135166452206072,3.2800136464432486,9.682090178676644,1.843970760503501,2.2700421707814087,25.462340014207204,3.5414102163002816,8.494241625505575,0.3019151530153646,7.293745629459829,1.2170432077144222,7.125733779964291,375.93412687928554,5.061975589785243,433.2000001054773,16.879783000631516,0.1480537951648025,0.00048604262347763427,0.014544202706306469,0.524152422536828,2.7054693901838727,5.704532247721093e-05,0.0032031953476091505,0.0008554922374796883,1.259177717133013,0.004101145704305182,0.039256053776138035,0.0015844795924167176,0.03346937134303491,0.015569682076105585,0.0009861057408066087,0.020933165035450434,0.001540383667678021,0.00012944484986526946,0.0003115801947952232,1.2427561627159184e-05,22.05212948610205,7.450828808224763,0.8897983000546796,0.10278578505494468,2.4722016676302445,107.73837263293848,6.778705009134796,3.7255793982872407,2.3397561173238026,5.4850496443432855,1.2902715874564825,7.2255276329818265,3.3577905138956106,10.166352565291925,1.807557345613102,2.034795867964435,30.12393810481833,3.5937680730187065,8.287454163803448,0.35190566835485054,7.4336672188866135,1.30182957908404,7.713621831746025,394.18589138006985,4.64752630941501,1.5,1
204.0,19.01298813377843,0.13156372785524648,0.0005970546722987724,0.014078294229346542,0.4841067653636937,3.6258191053437208,5.4550199679092425e-05,0.003024198439833105,0.0007665139922147591,1.1071260648990906,0.004748450498290493,0.031118038705764392,0.0013723770202064688,0.030618154326875403,0.017642241313929573,0.0008890341862833977,0.022078535050590025,0.0014707757887365356,0.00011712836271332703,0.0003083178815964814,1.3756589406558492e-05,20.212061110917062,10.598065297672816,1.035602683179489,0.1064484816582664,2.4626420504650754,119.28404996164596,7.881018355916911,4.133592705168544,2.3463229068273694,5.656042740118364,1.2932005976518743,8.240958113135802,3.1824132333123125,9.798040185866782,1.7618749170888572,2.3156849359021314,25.697943373388195,3.625492664683526,8.552596748125104,0.32616599162548937,7.5524585388037755,1.216172076274492,7.242670694153131,403.53786746399237,4.688773086949838,451.20000010547705,14.8632526973433,0.13362354361366413,0.000716906415713594,0.013107375588251929,0.4092361145096066,4.215047058465264,5.195517776506198e-05,0.0030842888969948527,0.0007572907287721359,1.261299592148147,0.004468240569801956,0.03523574819078522,0.0014645901382426732,0.029652556328798648,0.022311780445427018,0.0007761080701967288,0.02228066683102644,0.001452681181561667,0.00012219747907344343,0.0003051767984334875,1.3090180868984745e-05,22.170044391165753,11.547143060201323,0.8696858734807307,0.10404082571676217,2.4487137425740335,124.05747357957718,9.341928960307243,4.300918928555007,2.5111691701901737,6.413132540910188,1.626746604873813,9.17076108102851,3.810730101453566,9.347116842159963,1.517780701769607,2.2764780816517938,24.41332711146209,3.786318161643763,9.428662208720011,0.3013117754484335,7.916120641319111,1.199625132873307,5.827333470193517,425.7401609353771,4.705817543114802,1.5,1
216.0,19.887296522472457,0.1392341409305884,0.0005966108868034341,0.014832218735482693,0.4870614013961723,3.9668450762068748,5.271215755160597e-05,0.003134258808377061,0.0007348258196592155,1.158008833279276,0.004743588118175719,0.031112260687354495,0.0013202499699528235,0.03062505228162677,0.017678590327664345,0.0009075513505447202,0.022110038718495123,0.0014654434610808626,0.00011718867163718282,0.00029360874703233936,1.3756590807740706e-05,20.975528075117623,10.994522003391832,1.0714689019784085,0.11907794340892353,2.490251805608198,126.84610633120047,8.421740995183425,4.253802014276141,2.4712596348390194,6.103290307755869,1.3644301617166776,8.340610798852277,3.1081218862644837,9.90806931570461,1.6888547156696325,2.358334833428915,25.880840345941728,3.7040219999307515,8.60754283535085,0.354191465413948,7.787459461645919,1.2169184738438128,7.3531002736202655,429.11235387234194,4.341800985608681,469.2000001054771,23.514820438484353,0.14737206564972416,0.0005681255115433911,0.01700706325830731,0.4923726470573864,3.6121548092347435,4.800389179636356e-05,0.0023958570839806032,0.0007177282304150395,0.9606956452405888,0.005237919457531961,0.02541084109318746,0.0013604596095186793,0.025892112385997014,0.019197833131533424,0.0009388025011454861,0.022838209553784322,0.0012648933905009205,0.00011644671265147753,0.00024567067690915153,1.32908523832314e-05,22.877372931895305,11.320455786313653,1.0314264493787246,0.11331632545765355,2.039313169927997,153.0719470831096,9.997701581445996,4.325181301729147,2.2006095998710187,6.176439556459504,1.431826551640118,8.533610980384832,3.0773852602579796,10.773253171825584,1.479894934003585,2.1360161260584576,27.002710075761073,3.9405799574424867,7.367192122395214,0.4070809957259215,7.158395849144665,1.2308714776602714,9.683004004521324,443.5504785698017,3.015761610343531,1.5,1
228.0,20.74710730406726,0.14665144424936827,0.0005956867144504702,0.015562872952074048,0.48946477788456705,4.322795491516772,5.115372300638657e-05,0.00323398752789092,0.000707775138063797,1.207021925359878,0.004733738471582624,0.031107383690738885,0.001274640794883643,0.03063070355973418,0.017709137743237003,0.0009257799949269097,0.022119882850279538,0.0014615600984105464,0.00011724149200744855,0.00028066180613809397,1.3756592011571688e-05,21.663089014864102,11.369923689674883,1.1144491718446115,0.13552795029303472,2.5161547022734885,134.09482519404511,8.929206333752541,4.3611834929282285,2.590531118814277,6.520369493057728,1.4380267885808695,8.434671123530068,3.051459597727214,10.012573154722045,1.6236675607799451,2.39825901578537,26.019328960943938,3.77749770276379,8.659320367435607,0.3865225230470971,8.005155025077306,1.219024254101052,7.457544634193738,452.91863533598274,4.019749679948119,487.20000010547693,20.480368608253407,0.1497185685819255,0.0006252406279411788,0.014851785642636004,0.49004945462894617,4.370733832878816,4.776541608934224e-05,0.0031236303553410383,0.0006886753292199069,1.2491461643309056,0.005192858205928109,0.031055180450392884,0.001207882147092971,0.030361547637056292,0.01656743926267954,0.0009352432677861143,0.02135006602961682,0.0014512160759274904,0.00010783019676377325,0.0003112831439617139,1.374693716405762e-05,25.079092702366864,12.036189516669504,1.2487256329137593,0.16143599049368818,2.5298026807935603,118.68817848670022,9.023331564166154,4.3073022395032465,2.9641421998997517,6.292479429114778,1.535473212745609,6.280273552067284,3.192020159791093,10.468768888876008,1.4914947762775486,2.3272787972077142,18.39384773151028,3.8524572599659206,9.374036869360733,0.3919765516868485,7.7812385235095185,1.334845921436794,8.162641547782199,458.3123838362902,3.304056768393254,1.5,1
240.0,21.59422013195504,0.15378995727077557,0.0005944270781396495,0.016267017509932428,0.4914620605191632,4.692871437722919,4.9828069749046096e-05,0.0033242395982153025,0.0006846168353100889,1.2549849725521756,0.0047204302362256634,0.03110291024241718,0.0012347142846112612,0.030635446255119627,0.01773508414507556,0.0009436341103202066,0.02211280557274459,0.0014588491964495664,0.00011728802111011316,0.0002692790799272897,1.3756593061029846e-05,22.278206991355315,11.727105316741167,1.1633658582172333,0.15688891458498797,2.5404941710636173,141.06248052691157,9.403183743380986,4.4573008080570995,2.705209746378105,6.906850214029392,1.5143928730237255,8.523626176301988,3.0083907637473133,10.111934407984974,1.5652876301341354,2.4356992181293107,26.11993249143077,3.846372330159428,8.708163842083533,0.4237640264597961,8.210706109812438,1.2222751213518313,7.556485268606941,475.13912320811727,3.721180318149755,505.2000001054768,18.495730649871618,0.1923993180704806,0.0005048102258264293,0.011789004943893396,0.4973841154298648,5.196681519416722,4.991693126796139e-05,0.0034500797234198488,0.0006730321485387083,1.1574209669447741,0.00506293126929722,0.03439090775192521,0.0011729747347518464,0.03111412039741456,0.015023782344913531,0.0010963756440505988,0.0224947959595845,0.0016737782332461519,0.00012057071455396242,0.00024666799763182237,1.3544623431907443e-05,21.51731984813358,12.987405596894014,1.1069695744269974,0.16864694546981898,2.707002347158631,147.4331032906457,8.78833861248967,3.8093100666157396,2.608208976217637,8.19828808393294,1.5504986687103555,9.980859089247254,3.1263990878771657,10.409081870106636,1.7036372120376813,2.652954611495498,25.050147130048202,3.9343505238985905,8.458239188545269,0.46056646229600023,8.967520107918727,1.1987811443317973,6.164186022161798,528.4689687787561,3.8252071058210144,1.5,1
