t(h),ACCOA(mmol.gDW-1),ADP(mmol.gDW-1),AKG(mmol.gDW-1),AMP(mmol.gDW-1),ATP(mmol.gDW-1),CIT(mmol.gDW-1),F6P(mmol.gDW-1),G6P(mmol.gDW-1),GAP(mmol.gDW-1),GLU(mmol.gDW-1),MAL(mmol.gDW-1),NAD(mmol.gDW-1),NADH(mmol.gDW-1),NADP(mmol.gDW-1),NADPH(mmol.gDW-1),OXA(mmol.gDW-1),PEP(mmol.gDW-1),PYR(mmol.gDW-1),R5P(mmol.gDW-1),SUC(mmol.gDW-1),X5P(mmol.gDW-1),ALA(mM),ARG(mM),ASN(mM),ASP(mM),CYS(mM),EGLC(mM),EGLN(mM),EGLU(mM),EPYR(mM),GLY(mM),HIS(mM),ILE(mM),LAC(mM),LEU(mM),LYS(mM),MET(mM),NH4(mM),PHE(mM),PRO(mM),SER(mM),THR(mM),TYR(mM),VAL(mM),mAB(mg/L),X(gDW/L),V(L),ACCOA(mmol.gDW-1)_noisy,ADP(mmol.gDW-1)_noisy,AKG(mmol.gDW-1)_noisy,AMP(mmol.gDW-1)_noisy,ATP(mmol.gDW-1)_noisy,CIT(mmol.gDW-1)_noisy,F6P(mmol.gDW-1)_noisy,G6P(mmol.gDW-1)_noisy,GAP(mmol.gDW-1)_noisy,GLU(mmol.gDW-1)_noisy,MAL(mmol.gDW-1)_noisy,NAD(mmol.gDW-1)_noisy,NADH(mmol.gDW-1)_noisy,NADP(mmol.gDW-1)_noisy,NADPH(mmol.gDW-1)_noisy,OXA(mmol.gDW-1)_noisy,PEP(mmol.gDW-1)_noisy,PYR(mmol.gDW-1)_noisy,R5P(mmol.gDW-1)_noisy,SUC(mmol.gDW-1)_noisy,X5P(mmol.gDW-1)_noisy,ALA(mM)_noisy,ARG(mM)_noisy,ASN(mM)_noisy,ASP(mM)_noisy,CYS(mM)_noisy,EGLC(mM)_noisy,EGLN(mM)_noisy,EGLU(mM)_noisy,EPYR(mM)_noisy,GLY(mM)_noisy,HIS(mM)_noisy,ILE(mM)_noisy,LAC(mM)_noisy,LEU(mM)_noisy,LYS(mM)_noisy,MET(mM)_noisy,NH4(mM)_noisy,PHE(mM)_noisy,PRO(mM)_noisy,SER(mM)_noisy,THR(mM)_noisy,TYR(mM)_noisy,VAL(mM)_noisy,mAB(mg/L)_noisy,X(gDW/L)_noisy,feed_rate,feed_state
0.0,13.968253968253968,0.2126984126984127,0.0006031746031746032,0.0009841269841269838,0.022222222222222216,1.9047619047619042,0.0001333333333333333,0.00017777777777777779,0.0012698412698412696,0.6984126984126984,0.0047619047619047615,0.02825396825396825,0.0023809523809523807,0.0030158730158730157,0.0029523809523809524,0.0006349206349206348,0.0027936507936507935,0.001587301587301587,7.619047619047617e-05,0.00025396825396825396,9.523809523809523e-06,1.11,6.06,11.17,4.47,2.5,72.55,1.21,0.97,0.23,0.65,1.5,8.17,5.22,10.840000000000002,5.75,2.23,2.1199999999999997,3.42,8.98,10.699999999999998,5.200000000000001,2.32,7.62,0.0,1.26,270.0,13.968253968253968,0.2126984126984127,0.0006031746031746032,0.0009841269841269838,0.022222222222222216,1.9047619047619042,0.0001333333333333333,0.00017777777777777779,0.0012698412698412696,0.6984126984126984,0.0047619047619047615,0.02825396825396825,0.0023809523809523807,0.0030158730158730157,0.0029523809523809524,0.0006349206349206348,0.0027936507936507935,0.001587301587301587,7.619047619047617e-05,0.00025396825396825396,9.523809523809523e-06,1.11,6.06,11.17,4.47,2.5,72.55,1.21,0.97,0.23,0.65,1.5,8.17,5.22,10.840000000000002,5.75,2.23,2.1199999999999997,3.42,8.98,10.699999999999998,5.200000000000001,2.32,7.62,0.0,1.26,0.2,0
12.0,10.099315116484346,0.04931261605683446,0.0005834308791094324,0.010001647312599232,0.2613815316198185,1.480363726755142,0.00021049801287735976,0.001235346239859274,0.0061411857605050855,0.4855846039276402,0.004649239948754727,0.029688385564397846,0.002052211881579005,0.02858809058857811,0.015188010956334617,0.0009619030755633971,0.007316005103051271,0.0017962454826049585,9.502927762216033e-05,0.00044745704040006503,1.3755857989499685e-05,1.6611265877032375,6.028304434928751,10.76203958026773,4.184672136762694,2.466016983192577,70.04770953679892,1.17618328892506,1.0619869663564616,0.2992520050590339,0.5472106251054735,1.4246937326759779,8.079840678902748,11.763928959249755,10.642621501849739,5.504537407026099,2.189623677273104,2.972327497106305,3.3500077023212627,8.881990208650127,10.15601983225931,5.1721095410004345,2.239517290937804,7.479700858664255,0.3196806219192347,1.9698086891241764,272.40000000000094,11.518211037421638,0.05521453474016404,0.0005477223058746281,0.010881439853005787,0.23571371875364866,1.7046117992390921,0.00020591566126092653,0.0012462434046003926,0.005996533190316565,0.4927674267925485,0.004490424584973476,0.024262697043063896,0.0019244326178771783,0.026605979995734268,0.01746279257633349,0.0008259341402091734,0.0077422813094588806,0.0018356392357690775,0.00010686601175567104,0.00037894096537872176,1.3566866545206793e-05,1.9162026507927448,6.380604436234706,12.165322352950032,4.1975406398312884,2.6818591596739987,73.8139316801486,1.1430959835536372,0.9865418429900006,0.28376529493546226,0.5921350676499728,1.3763137892114616,7.262601660992628,10.49293452975351,13.209871332513131,3.9855571048849496,2.187209309611502,2.7461139435850703,3.867585874735188,9.536617451773452,8.626664091705294,5.349622737631794,2.5057913212613827,8.590223953184667,0.27374996203531066,2.2603495833235105,0.2,0
24.0,8.23185220730253,0.06198059325778046,0.0005674673537689715,0.011011045261079988,0.2944358600731759,1.2908966847572156,0.00025223434690305906,0.0014019630104996782,0.0031298968158512954,0.40018578704993557,0.004478561799112107,0.0296856037004248,0.0018737694932336915,0.0287796794343692,0.015556836014565237,0.0009472813313001562,0.008642660553751694,0.001845946736193057,9.835743453277613e-05,0.000379334336791082,1.3755992270704057e-05,2.411482814568459,5.906377333208775,10.155765995584824,3.711090847953506,2.419965958323536,65.69742597674527,1.1683335962965475,1.1694310168176758,0.3554103822865805,0.4700141652697704,1.282846874178275,7.952480503256263,18.652556413663177,10.378473641398601,5.199339569792707,2.133921908812,4.237270819485652,3.252823446164847,8.751930812710858,9.31113309882034,5.009646605277952,2.1351677129598,7.287528889428789,0.8018581652635344,2.888577564051104,274.8000000000008,7.600169496241823,0.0558506363422505,0.0005616788429227952,0.010312009295299194,0.2685252838488629,1.2201443091136182,0.00022557964276209087,0.001509591505362356,0.003427632631345149,0.4415681806063176,0.0046673451877883194,0.02838988312661395,0.0017945881470022734,0.032207949577308916,0.015172692207153239,0.0009537625580937832,0.007099825923919721,0.002085287202813149,0.00011574535692445867,0.0003924219392961678,1.3533662101231564e-05,2.6592878531740425,5.1676931724132436,11.357439082181578,3.1530425343798005,2.68062576408026,47.93195006995197,1.106047599109543,0.8730211085587831,0.3736951702785465,0.48115509459485717,1.188401406579085,7.782951304410453,15.691972250345078,11.915577701407678,4.87143390274112,2.158202849117427,4.672673485875787,2.626801642304469,10.941791947745203,10.097905219072675,5.249837150836397,2.0929883140760785,6.182649146237794,0.7292612315528916,3.411845431606372,0.2,0
36.0,7.445625555278433,0.06872509587538005,0.0005569353857521046,0.010972391965304744,0.31463650642759733,1.2321293211154725,0.00027916101554853944,0.0015385469801080904,0.002106864959298853,0.3841109173149639,0.0043659793202141224,0.029677443655896682,0.00180442138003302,0.028779023439730086,0.015726534401308532,0.000925324395940789,0.0102120026921014,0.0018536356591756288,0.00010167120416063537,0.0003552795181353236,1.3756114523588124e-05,3.3821684129658247,5.700068933813812,9.324591488785586,3.032155247048448,2.3647942352564586,59.71065058945968,1.2240170835758974,1.296103569443606,0.3949985371154246,0.4543647875549033,1.07492361467269,7.794984125313597,24.92401513679567,10.061930165581602,4.847310724980984,2.066630500526208,5.988428113874907,3.1350658339777535,8.597678445240355,8.122337785941081,4.702641377827812,2.010859573384925,7.054163175126587,1.4773738264641325,3.9646547050856284,277.2000000000006,8.06664812045352,0.08122149458610789,0.0005432918490225042,0.01062200916540229,0.34246727815873423,1.3314666728300895,0.0002929184087249636,0.0014483331088614509,0.0025877212601539395,0.35515124055392294,0.004439756702030398,0.0278516854857889,0.0018364909130301158,0.02884012833266303,0.015817251484636204,0.0009102844411735242,0.00803646512732932,0.0018277134763737416,0.0001184356652400203,0.00042334333512251526,1.3719128764346662e-05,3.1302319895843316,6.218124048818368,9.913405518943575,3.3573630016274283,2.2082280879619516,55.49538737516279,1.1868535393030901,1.2769802115141917,0.3658634357512925,0.38314160747018733,1.0885123523887454,7.747870520964298,26.5398566139777,9.451792967957,5.332586930943374,2.4243816420610886,6.8388659671601175,3.493818864809568,10.182068214069398,8.425470612527198,5.036118859368198,1.5109899174226735,7.102278441303845,1.656038637910965,4.5290810890445306,0.2,0
48.0,7.259665321738102,0.07145797899689794,0.0005514067886522086,0.01047288197417246,0.3288626698022003,1.2495019794263558,0.00028916298778332717,0.0016205215399237218,0.0016081078527427058,0.3987151585182969,0.00430500478347504,0.029668408272759978,0.001796552979651257,0.028783475725030042,0.015822037254312332,0.0009041427363668004,0.011952246588787189,0.0018454921832693242,0.00010453494068368133,0.00035239721727272516,1.375621421152813e-05,4.600073080774443,5.429529562173487,8.261713830857227,2.137321637739744,2.30446214984955,52.455779840627926,1.3765600878374056,1.4464030488902038,0.41603056797615456,0.5238054281170623,0.8138553154984874,7.617700586194036,29.604439256543472,9.713165144234711,4.466660924879977,1.9927679233993922,8.2561458019342,3.0056268170934386,8.429791087718261,6.573572679905399,4.262436362758777,1.8727055906135661,6.7948112244328405,2.366503055655761,5.128644822966892,279.60000000000036,8.340778304193961,0.06296437051579824,0.0004672619754697996,0.00989689989241444,0.3601691244633074,1.168020493146713,0.0002672156000974671,0.00157783864401506,0.0012492132347028343,0.3865473950096383,0.0036320143242380937,0.02837797168318542,0.0019848959382920525,0.03060830120289856,0.013889099712943725,0.0009597852605406752,0.014024763315873576,0.0017825778749421951,9.951506459611167e-05,0.0003536384039044548,1.586588777157103e-05,5.038830461737715,5.46378080094435,8.418700924712246,2.0654339059963087,2.2548463618832684,51.3907130188783,1.537011566819367,1.4354734565207494,0.4597681775250189,0.6132784609041615,0.8252259843338687,8.390485393129964,33.150332414031496,9.927737878414273,4.312002041658445,1.914089913731952,7.913193323433486,2.9826787430741777,8.476211989605567,6.8097377643679495,3.9610931327308765,1.7804823278867283,7.616250483642057,2.004951006351828,5.180144741148905,0.2,0
60.0,7.427824983077379,0.07150307422560746,0.0005503276965183655,0.009791404299095611,0.34020714752352416,1.3129580125444686,0.0002834738796973823,0.0016194389227125276,0.0013305307202093354,0.41905853204017385,0.0042888049528480385,0.029653982776898156,0.0018320440274769705,0.028800774327369064,0.0158380628706642,0.0008823071531908701,0.013818526464614662,0.001831153991976815,0.00010691271574063903,0.0003640451043308593,1.3756293135789253e-05,6.066188613204422,5.131957686456062,6.97997773875297,1.0298804750839012,2.24263600237011,44.274845940534945,1.6412697968215741,1.6213911806872512,0.4186170724908772,0.6848211224771532,0.5301560038571153,7.430678808626758,32.017154480964955,9.35132238894414,4.074713946479446,1.916978858353902,11.018282257431025,2.872737642586316,8.258042256056706,4.675894821927587,3.7148440624160597,1.7268328797841423,6.524019926331401,3.4595266458226943,6.316322826643618,282.0000000000007,7.71857018266223,0.0778058803129117,0.0005309126237966525,0.008484512916785938,0.28327956151899963,1.3640743704456981,0.0002867263003758391,0.00181010838391039,0.0016559760924189152,0.34755220441780676,0.003785480691997069,0.03320787175457006,0.001868671972570622,0.028312077773868422,0.017662491593742103,0.0007803103414765548,0.015614026501732927,0.0013647809912849117,0.00010952741805021044,0.00036055582876621774,1.1246811791242369e-05,4.642751466659839,5.347547793203592,8.068590245896411,1.135930159251982,2.3767129334845816,51.485016968986535,1.700110543977541,1.6405909934930432,0.3457762249262313,0.792033500866385,0.3833590238905089,7.971676669471667,32.396025305879064,8.520156929812895,4.232509274378955,1.7712979556138317,9.360735176191152,3.0250728416012915,8.23045117615866,3.9853928887851833,3.3941847972169947,1.9660473658703892,6.2971696040376575,3.83794601513176,6.107973361963108,0.2,0
72.0,7.877521629558539,0.05498293604495799,0.0006094194425461068,0.006932368052532183,0.36674665278704677,1.388301966544691,0.0002816318639759191,0.001449527745890642,0.0013436962269131915,0.4095068644493295,0.004895346838136323,0.029226378029255613,0.002472086054497377,0.02883068586642753,0.0157741822543679,0.0007389701345340915,0.01747166117589647,0.0017515927028977903,0.00011017906090191863,0.0006456086948663496,1.3756411843194053e-05,7.682390248872324,4.869938881705479,5.522891258824504,0.034976694660032365,2.185405578983936,35.75511917498593,1.9842950700471176,1.8154367179023594,0.4045563599665125,0.9097401471160717,0.27534275567456956,7.24981160082677,31.608204543910485,9.007405736248884,3.6994634011344005,1.8469664760377031,14.216560032392813,2.7500631383642924,8.098664066739572,2.494955606924135,3.141100808319983,1.582631903516995,6.2651589750360275,4.488889336388252,7.4212385347918115,284.4000000000009,7.595419657760495,0.05749383463710979,0.0005792851683279075,0.00782922092745211,0.3203199050456668,1.264954571946859,0.0002964897452779609,0.0015894439547080252,0.0015002364185580563,0.4114572758013064,0.004220122173738068,0.032640924818187596,0.002462861104432801,0.02473402701015795,0.01740279901076342,0.0007399398251436682,0.018978366847701884,0.0017327338858152124,0.00013078214795410217,0.0006245906408728546,1.4774848836054405e-05,7.556566478230683,5.23683600677717,4.750067922276687,0.028558428906261667,1.7717378089110243,33.93491221563573,2.069014178634688,1.8059663264824741,0.4346736214807071,0.9985117113264067,0.30521708579409257,6.575368480248855,34.98175409218022,10.64097273013449,3.5127534083640604,1.654571455961259,16.195333687137143,2.631405901743783,7.988726624600347,2.3423887938700068,3.233652193124865,1.6328682012535514,7.216761722685292,4.912446465127713,7.575636708618525,0.2,0
84.0,8.710071013377686,0.051438196638993655,0.0006006911850227634,0.006123566892969229,0.375585526287491,1.4214838734123272,0.0002498154430351893,0.001222629394979528,0.0013045105299613186,0.3417715774657532,0.004803046672915256,0.02946431808509028,0.002683569227025256,0.02895123750509924,0.015515775455384198,0.0006979579790822113,0.01943400213831675,0.001738621672622096,0.00011167991463863925,0.0007248034579624844,1.375645687975015e-05,9.084616327509657,4.734379375999767,4.009545499943613,0.030917112406667887,2.1454795792747916,28.296538359376303,2.2643720922399106,2.0018762258988807,0.37898033328055347,1.1198733106011804,0.11727072508609374,7.108274668829967,27.500320882122516,8.746136738505196,3.399379407241728,1.798806857464578,17.584319720389708,2.6661182281868516,7.985535116808793,0.3765431890535708,2.731587252151458,1.4597202679995533,6.0670108680111134,4.934044938891509,8.221352022913038,286.80000000000103,7.867836501175539,0.04793392912045417,0.0005228818359567187,0.0069917450715084135,0.4422343595680689,1.443051674786866,0.00026724685965522673,0.0012228498095509836,0.0013522501381699303,0.3637745726918998,0.0038427858950415474,0.024114941004267195,0.002342829174696096,0.02514178353466855,0.016181137248819023,0.000639875661993302,0.019464676418410334,0.001723671726382751,0.00011509279117925472,0.0006102393515591346,1.4689635533389483e-05,8.054029957479347,4.8336687910800915,3.2905555002242237,0.03277792140982952,2.021308467126994,30.04947661834539,2.525628384704796,2.052059086766795,0.368322050354732,1.2173196866975216,0.116701390195316,6.707639894603336,23.348535023326264,9.229876985402395,2.409314155372088,2.0049420406138525,15.905336402105414,2.5953324147823857,6.998997944967179,0.39177525965586457,2.3609144972070686,1.7203968489265815,6.630757652414108,4.805070509169966,6.695891088079575,0.2,0
96.0,9.618463838418474,0.048985385032063615,0.0005923098648659179,0.005650005464965375,0.38183266950359773,1.437355744557106,0.00020299755022646553,0.0009005083503601224,0.0013272600529293471,0.2935275331328676,0.004710741946335191,0.029505837949648867,0.0028478568479538683,0.029199254512258816,0.014953504441467692,0.0006570032540488441,0.020768224562305978,0.001692590413206574,0.00011252225908869993,0.0007873434416725787,1.3756487233360864e-05,10.23256264272346,4.705767740531049,2.5248959640625017,0.026061506544136102,2.1119506596770723,20.562758557733325,2.5179030256248183,2.1650347867257276,0.34759762550704343,1.3544683043503505,0.05613596321516419,6.9819898249403325,20.848870691985677,8.516346516755487,3.1286123878927525,1.7587056800542016,19.184288337682453,2.5964348818992216,7.8895739282681205,0.003311564439696003,2.351317987509809,1.3456365193519182,5.892096342379442,5.269024503667335,8.907372397411027,289.20000146298634,9.639274508277968,0.0511408353554894,0.0006787470241549204,0.0053891471937924165,0.38190848729812854,1.6120998769695618,0.0002215500063827144,0.0009707495074058585,0.001128998272822813,0.28487212573282744,0.004167709162253244,0.03393715962479345,0.0030139568874695925,0.03075770117518572,0.014653237620539513,0.0006648180002642809,0.021605517680722768,0.0016780464607397644,0.00010513948679173885,0.0009159171165695498,1.5478759007691435e-05,10.275471557952553,4.555517730805712,2.6189135714907747,0.029561357872586055,1.6086338734630066,24.028564810718184,2.8145208841327563,2.3343587382431124,0.27846990617330325,1.29660633707017,0.060768944894097954,7.449306519105364,18.610021669490152,9.275919400029817,3.3117612249766575,2.050813937875134,20.375614796933693,2.4474395820042325,8.265347959999005,0.0032391254557860055,2.042804492418612,1.1550582154799502,5.315020062199095,4.658382111081484,9.604408241430722,1.5,1
108.0,10.918580061168665,0.05790178319558861,0.0005536943871009485,0.006989291251845754,0.4082202798376459,1.5819435746684485,0.00015250391164300004,0.0014831137568102179,0.0013200586816821183,0.4191728110893207,0.00430764751833501,0.030833733382659236,0.002517379247102793,0.02991579561062848,0.016273926399338817,0.0007323789387239557,0.02122030679508889,0.0017067499376423635,0.00011598796745606742,0.000600391652671123,1.3756556381278531e-05,11.27836256080652,5.852667635602389,1.9253480344713396,0.14059254565533363,2.1607426374941787,36.74302867530503,3.0236403548124917,2.465244031385506,0.7631169911779964,1.7209515044091739,0.4602775906843011,7.163720819151923,14.498120510742364,8.678527940926555,2.8677981026335795,1.8416388585209085,20.47500488835892,2.74726157656344,7.975492008800512,0.2028757085936901,3.4645968617564855,1.3086611551531766,6.0801378989838835,112.022307593289,8.375482694128966,307.20000146298645,11.642864268675252,0.05084248992870978,0.0005752400273637251,0.006714807482495576,0.39904317675223383,1.4995014972485439,0.00013646454316896043,0.0014192765766201342,0.0013910082787112123,0.47280269769338323,0.004466922926133898,0.030837346360340183,0.0023627232326057673,0.028779509052787203,0.014915792986922574,0.0008207370341284577,0.019325826392067418,0.001497594816667126,0.00013425237108113537,0.00058140695794244,1.299364469726081e-05,11.039833630059752,6.020816726518877,1.7262014062946802,0.16571393321374336,2.1867858889734433,41.30046451184719,3.2828137999200067,2.0760657647038836,0.7639063609203868,1.7645366230204351,0.4357648011636766,7.254271489004033,14.977601110789719,10.568686327604771,2.9369804134983744,1.7254285161871281,23.447820540412632,2.9013419257627793,7.263571937672916,0.2072683142288813,3.769671356473079,1.4518401613446548,6.643481090317204,130.92307493871346,8.710932889319304,1.5,1
120.0,12.142873436706244,0.06406893279691525,0.0005710602448437033,0.007491792571124654,0.4330682094692554,1.7627240925940466,0.00011712975303927332,0.0017995838893181161,0.0012809360196989548,0.5523998715442267,0.0044829114114857994,0.03104283795168275,0.002408191142787705,0.030291546443595253,0.016819525753465896,0.000751466157498717,0.022030864529467474,0.0016609700713867623,0.00011620477450486275,0.0005925950753343049,1.3756564718090953e-05,12.607579643923277,6.730948825559177,1.5143605702383025,0.10680980383886057,2.2056183137979977,50.910654483426015,3.5695231093500217,2.7553898667042755,1.084114397960464,2.12383097337694,0.6751695943303015,7.3304179827001885,9.621094934870198,8.831641598331311,2.644302486507937,1.9177823325578018,21.764789820133018,2.8849841474570335,8.056046845158734,0.21184023658847112,4.391608723216052,1.2790910557523059,6.254120433488923,218.6778673273297,7.851591213700077,325.20000146298656,13.04639518153099,0.06586000387796802,0.0006490168484991793,0.006893564408816272,0.4547598220335515,1.7410592202757325,9.500146740985974e-05,0.0014474343590791016,0.0011366163646314683,0.6429541529535832,0.004650947839884775,0.03366051118181093,0.001980124341179409,0.028820674097639824,0.018968928895438365,0.0007327366926307766,0.022828094449077206,0.0017253578509411848,0.00012003869205490646,0.0006321015176392311,1.5516009854693733e-05,9.546716079808249,6.441394715812395,1.5616586161697739,0.10394663918408376,2.147472461946312,46.3259058253517,3.791785211393557,2.8493074627816295,1.0739240291529204,2.23595718934685,0.7801524816965137,7.0420885776486974,9.426935414376494,7.704309425510351,2.762987474898014,2.13426044005818,21.76398060221063,3.434781457443929,9.010461720058531,0.2339642948563831,4.780150133089521,1.1869655583665157,6.13678924254129,209.56848492509673,6.725645919635132,1.5,1
132.0,13.291431128579411,0.07473468451965534,0.00058087346100555,0.008508868374228366,0.4475672469350072,1.9678668298605049,9.045873739979758e-05,0.002042935891057996,0.0011717512601893121,0.6673075169559753,0.0045830928972250455,0.03118535853637648,0.0021234468141211704,0.03044941705277437,0.01709610790681112,0.0007720211307806895,0.022009346951526287,0.0016065126768119472,0.00011642638268297164,0.0005146000226936099,1.3756571240148794e-05,13.948810422879706,7.4702868372398,1.25583523775984,0.09127431339424452,2.2481467904016075,63.44931283989825,4.151323389965125,3.023226175856656,1.3451868843114245,2.568930523269814,0.8165072186881961,7.486015215762867,6.3274189756176185,8.98088798005801,2.455157366444433,1.9886913985918773,22.811724155978762,3.0134368390919346,8.134358099789456,0.22020105011883784,5.157234791107874,1.2565783325930466,6.41920600068091,308.70665423370866,7.332482608683218,343.20000146298685,13.247328527524482,0.04947517941676638,0.0006341343119022963,0.007541133183549949,0.5080263601504624,2.0387248490409395,9.850352659012718e-05,0.0018413642723147023,0.0012361592890340997,0.6282636123329066,0.004921793608103586,0.02799452933287968,0.0026243619572954477,0.03170892173821333,0.014856973733955687,0.0008074990335818354,0.024199602339520027,0.0014633542637923704,0.00010663576391184337,0.0005864919376456821,1.292032751453652e-05,14.352931311499509,6.009637083042078,1.3927506078009586,0.10502464223698305,1.8755322490620823,66.64263727866563,4.654189968487739,3.598660863725048,1.4268759829124174,2.476385807429154,0.8136220899970854,8.593012753601089,6.5070982290177275,9.468526836861985,2.3569963925819843,1.911264136894129,21.96950709831331,2.8232616689664876,6.596192446316964,0.23712306047578002,5.363964747135405,1.3740582653408875,6.44721825726611,313.68417409882915,7.346776405356268,1.5,1
144.0,14.359765915342397,0.08796029801997118,0.000586589851441856,0.009825106386638624,0.45518387711200015,2.198630684335426,7.496548799861177e-05,0.002263234985528041,0.0010485094242893682,0.7640338919497182,0.00464122994535422,0.031231262178165044,0.001841398839889471,0.03052027595438433,0.017269835231106367,0.0007954551485027728,0.021662533396928196,0.001557569336956817,0.00011661896090266804,0.00043437735306597414,1.3756576261669828e-05,15.208985773179121,8.117269061935728,1.106395249912884,0.08499271573910418,2.2882207668521897,74.53677336838666,4.784490643488706,3.264743946778725,1.5645268547458366,3.077197273642638,0.9219145685309407,7.631415824966453,4.661077976915924,9.124963238840435,2.293599483452308,2.0546219655598033,23.610714533138985,3.133004433976996,8.209559103638409,0.23065583247876673,5.754409666043653,1.2397807038231758,6.575390184530392,385.8296117012426,6.828946300245458,361.2000014629868,12.953128873967753,0.08134891955262927,0.0005048940935159862,0.010220592949618764,0.4321548925963399,2.260874124332005,8.488239791491072e-05,0.002065068673319754,0.0010861422324925064,0.8317885389788627,0.0043402354721075705,0.027683201742085845,0.0018336843632926062,0.028797827089615462,0.0188245630182017,0.0007869959997631877,0.01996296881385187,0.0016214916871787847,0.00014297512649602887,0.000434070859598226,1.4327733558462368e-05,12.220038478495226,7.821965548071517,1.0197803046982579,0.07588497642335934,2.2786773157390834,86.4859888979406,4.691040347399206,3.6850677406115793,1.7084406514252066,3.5098589644061473,1.0333871046422145,7.3903960889599825,4.196342001443234,6.746867522990231,2.5197718324094147,1.8601049811848827,21.836483458931408,3.0250661482531154,7.626035703744377,0.2279617262212174,5.461011631361696,1.1803914071943888,5.963959089793832,390.5909320070342,7.593994791696171,1.5,1
156.0,15.366210038733632,0.09946291753235474,0.0005910207161615564,0.010965832140329175,0.461651475426886,2.454191355400009,6.718380663057799e-05,0.0024579151064582083,0.000956629272330534,0.844983977708473,0.004686465288405164,0.031198811779713145,0.001668128084843409,0.030558357332284,0.0173903529697835,0.0008176901270673547,0.021564188932422054,0.001526628129520216,0.00011677023092897437,0.0003871028166039439,1.3756580168911619e-05,16.377995559025603,8.696120987148252,1.0287644632425117,0.08342610884349436,2.3258330162739242,84.55306641359162,5.448185587142668,3.4801959642092273,1.7542766731162864,3.624846982088404,1.0082097638476528,7.76735858854982,3.980773827066288,9.263017110004526,2.1543195770501207,2.1158872764671717,24.21096979481672,3.244180066671879,8.28116210905203,0.24332677077237655,6.218872532237936,1.2275308890603929,6.722772785379904,453.17538882230224,6.3476272128331415,379.2000014629866,18.23859111807625,0.09796060288639707,0.0005810398528908142,0.01093176894452762,0.4471890285669562,2.4647649735812203,6.475871712536651e-05,0.002513185620367746,0.0008619447276977798,0.6918288095457423,0.004829037199464265,0.0330759477798445,0.0016271110872733596,0.033771246748219186,0.017974990679905035,0.0008483260461466061,0.02367987037565057,0.0012655406141562696,9.557411787255632e-05,0.00031448110003070906,1.3589587900658954e-05,12.531875509083667,8.820028020784882,1.1302324787378835,0.07918690945481995,2.2423641163460446,80.08656387072485,5.467628142016713,3.4955077256967026,1.589954700864424,3.9084396568325444,1.107778513377767,7.98317370884778,4.863137804258576,10.367289082409414,2.1786092908664125,2.145729420468892,27.9885613120778,3.2094927811017397,10.583206913642945,0.24677118220282301,6.646253902467762,1.21951228445463,6.375406181266384,496.48981353782614,6.6234934357204835,1.5,1
168.0,16.333446781509352,0.1089989742355963,0.0005943688266847057,0.011897460037316355,0.46797417638102434,2.731379549038883,6.264942483568333e-05,0.002627044994582285,0.0008900332540255645,0.9141963341746101,0.0047208747679764835,0.031161075875750545,0.001560537665102038,0.030582245765745978,0.01747835515881904,0.0008382042083792844,0.021646010820001525,0.0015081523111693787,0.00011688951814867337,0.0003582982229366589,1.3756583233292986e-05,17.46484277878268,9.221791054683672,0.996340355458934,0.08508209138372559,2.3610550305726195,93.83882127033405,6.108380465404694,3.6715657602009273,1.9229196738519598,4.174549014700519,1.0841411878233795,7.8945358488523,3.669758901341012,9.394629819810696,2.033200901015199,2.1728269326870464,24.673121961209816,3.3475336377467113,8.348968706692913,0.2583350583205277,6.598396269154007,1.2188835907438076,6.861622412750567,512.9628402747828,5.892198589207424,397.2000014629866,13.501204819232798,0.09381376027181837,0.0006624745933673404,0.010192066307070634,0.5056178344010529,2.995671905214805,4.904406157698349e-05,0.002880040217132414,0.0008441037596377019,1.0563849882775933,0.0047747488492744785,0.033713120146836875,0.0017584010689576266,0.031404717782671863,0.01751069257208268,0.0007611571000200328,0.01959852364385278,0.0013290286697742598,0.00011734658881539412,0.00032517646752215905,1.1795563335133376e-05,16.765927600571544,8.914965124521883,0.9897538451175717,0.08056028133244074,2.1705355376279156,98.68568874317899,4.98283280707922,3.067896201614736,2.113850691359001,3.9038799348759796,1.054219199391782,7.250925688741094,4.1944422320427135,10.354857767289973,2.0804198059472188,2.340024650686874,18.800745687015457,3.3099461859500487,9.670103606850507,0.21666939388906173,6.127344511733694,1.3168684283256253,7.729523024851427,452.0426274011669,5.576562402206439,1.5,1
180.0,17.273138826699018,0.11773562082244568,0.0005964863160671082,0.01274827466921661,0.47337474100166266,3.027895499239455,5.935529620702983e-05,0.002777243231913935,0.0008371804905459724,0.9749813951969516,0.004742633956315115,0.03113836647260875,0.0014787468873081473,0.03059834572990456,0.017545823393036432,0.0008580432270817458,0.021751379056335278,0.0014955817356753884,0.00011698731266675773,0.0003361945465168718,1.3756585676745652e-05,18.4712978526406,9.704819418742469,0.9922424419338096,0.0894073814241675,2.394004402767485,102.57132125582395,6.747315133869176,3.841395918873782,2.0760421548989703,4.707466405077103,1.1550211211624664,8.01366281489832,3.4824490058229154,9.519740603741441,1.927093245206251,2.225786807526827,25.035609697898334,3.4436629678782036,8.41296760369514,0.2758812402616908,6.920947737855773,1.213141274524877,6.992378477309249,566.8207691913999,5.464297203431861,415.2000014629869,19.877638983768126,0.14461529159025424,0.0006343896013223765,0.013003992273167788,0.4981534920956221,3.4243320791433276,5.7793511445450004e-05,0.002104523599692646,0.0009256347504294153,0.9543000353985042,0.0046758011516783125,0.029498886606068853,0.0014811128895752764,0.024300286862932827,0.01855464668997752,0.0008314093331320706,0.02130619478575845,0.0015538922749535544,0.00011641430765925497,0.00034610995682809006,1.3301020913032594e-05,15.737433367373688,10.574879277339704,0.9599513878783632,0.08142640297825385,2.5914345940945895,118.13125724927907,6.600484412100712,4.3375839764021045,2.0216336469966874,4.895424487072996,1.1953637917709188,8.820826690468289,3.2008129141920043,11.36695715735118,1.912357289789739,2.2414399820988944,23.06934226953192,3.504046586436568,8.306951172120769,0.27449604564193486,5.209029539917603,1.1070374832640835,7.455275979111967,494.0168026955205,5.877827798026001,1.5,1
192.0,18.190560885659778,0.12615205566304719,0.0005975371969294021,0.013570823575049655,0.47768659891358134,3.342386773735796,5.6704814404495866e-05,0.0029125758957739474,0.0007932624705747704,1.0296255398432168,0.004753311178778708,0.031125817864104045,0.0014098930295012742,0.030609859057383622,0.01759945130106114,0.0008776368735731657,0.021831340436871925,0.0014863203105753018,0.00011706970538091419,0.00031732501297251664,1.3756587666605869e-05,19.39657540408072,10.152983521488077,1.0064171075981714,0.09621324824042898,2.4248263155712473,110.84329936467999,7.358263235786023,3.992227949951949,2.217415057135284,5.216479950328896,1.2241852536595228,8.125444482316073,3.3504004321746232,9.638522700429078,1.833566310815288,2.27510694885624,25.320604495018376,3.533168216192839,8.473272110426917,0.29625284784780653,7.201658929167298,1.2097836787731548,7.115576247602567,615.9224422000328,5.064199747767487,433.200001462987,15.240908964397835,0.10617733014975937,0.0006961240247117495,0.012182636756602909,0.49307130316323866,3.1190243154207766,6.198147877203282e-05,0.0029950305306155897,0.0008168475841012505,0.8909033262724612,0.0052769979718199,0.02717632451255834,0.0014031394461449095,0.0356049073273507,0.01610083825158718,0.0008580594159476356,0.019337877915897885,0.0015375611778404184,0.00010699180147269964,0.00030755561934215573,1.2767738767980015e-05,17.842152005292107,10.547633777994825,1.035083636899488,0.11443264082478281,2.386386197865077,108.1573624017768,6.663602896998285,3.3053579570730074,2.485266554601469,5.205492981682124,1.302242881489534,7.181489742534341,3.205647538031438,10.423283408325592,2.1384766155460744,2.176324042668664,24.000487527704507,2.7517430768024367,8.217098518267832,0.313803739770596,8.028047080826907,1.1360921772964345,7.359785967223143,627.6153918362932,5.43549707836436,1.5,1
204.0,19.088920911681537,0.13434945153617833,0.0005977501966605753,0.014375268681445202,0.481061989047738,3.6738639070877617,5.450055925179428e-05,0.0030351560175054387,0.0007561706737746031,1.079812056089181,0.004755254156109992,0.031118055155647334,0.0013502212829461621,0.030618562666678922,0.017643141180571673,0.0008970626245115675,0.0218804652382707,0.0014793968040523403,0.00011714036817055044,0.0003007942511766862,1.375658931996629e-05,20.241048978982853,10.572142468302467,1.0330277586639915,0.10562143986679715,2.4536769121178392,118.71686240398218,7.938301677399913,4.126394758061822,2.349709471210685,5.698319564403553,1.2937000345803231,8.230540135042443,3.2523628223641885,9.751271754745376,1.7507072422273626,2.321109751767776,25.542778452412634,3.616627004122101,8.530066022473582,0.31981552583429435,7.450822591209315,1.2084063772222011,7.2317762085442885,661.1018064965076,4.691345014045518,451.20000146298696,15.942023282108822,0.13681233881350685,0.0006719808313458422,0.014754619012358732,0.4364507723595045,3.5010561976368697,6.0301644760634725e-05,0.0028982699119600077,0.0006112844453123999,1.2616353028347371,0.0035390566633886024,0.03086863381455991,0.0012390720185095612,0.03442008659207562,0.015295614326358975,0.0010081197521825441,0.018330013517716733,0.001417469146281472,0.00011239742491714581,0.00018827321403202575,1.5201650280758425e-05,15.072934026798388,10.802747696931771,0.8088837705470184,0.0996234128729585,2.5038894610815463,119.26055244458415,8.823376570617,4.136039820823275,2.192762192182537,6.092462663466846,1.2931725430238301,7.633337777728574,3.1955957085505236,9.224441613675271,1.5107059315689437,2.4322615074548666,22.919927269416643,3.6022567786141497,9.173149846233738,0.35123486551083516,6.569960862193578,1.1046853422139438,7.817522016242824,651.0354761642233,5.222998669711998,1.5,1
216.0,19.97070562612678,0.1423308073883494,0.000597320924719766,0.015161023576876232,0.48369438884375554,4.02147295499803,5.264437486253354e-05,0.0031463527386825767,0.0007246037262294882,1.1268539710639072,0.004750505191808338,0.031112373668618534,0.001298074339659592,0.030625449065667942,0.017679365293865948,0.0009163081129186242,0.02190260867134629,0.0014743090713717686,0.00011720176051453098,0.0002862325411161282,1.3756590718265092e-05,21.006580848807612,10.966807778236053,1.0686950681586778,0.11804919349824368,2.4807117176117863,126.23997744869752,8.485910428538782,4.245964906795598,2.4748724151885932,6.15113624201703,1.3648256297291776,8.32954975037368,3.1786427809611353,9.858336826608173,1.676981462277194,2.364092974210201,25.71289692774009,3.6945782969066867,8.583565439165461,0.3470090434436552,7.676429610182701,1.208685722970412,7.341524753201872,702.9561340564729,4.344686657990719,469.2000014629869,17.536747706158398,0.14117243997773316,0.0005797979277182355,0.015743579381262637,0.5425635335367257,3.5146755663713765,5.6813241517030035e-05,0.003318385461896854,0.0006981503595409007,0.9793277905117638,0.004542505696577371,0.03463905876501677,0.0014128228664191539,0.0330837876920561,0.016734714878168973,0.0009113947606091843,0.019194727160388832,0.0013894290152772968,0.00011663775771538699,0.00030216522991820087,1.2250444312160197e-05,18.340546912266205,10.07136499964269,1.0999606780033886,0.10154126224251103,2.3512686376060246,145.05592826542022,7.428625834139384,4.006088772391723,2.214438228891522,6.222662056728996,1.2377742482284986,7.31369777056585,3.2120211374920196,10.7426521434611,1.8193359890311425,2.3811136478031063,24.233213730817827,3.2932994787873393,6.8837706290973575,0.3646355981651959,6.034893039564558,1.2543183731760288,8.067650797172846,633.9126744283457,3.779496155767118,1.5,1
228.0,20.83802125710763,0.1500779271877413,0.000596410782058792,0.015925432204438178,0.4857539503204978,4.384423836100708,5.107104407106794e-05,0.0032472165761741854,0.0006976035726252142,1.1717906035034658,0.004740762236475084,0.031107611232501112,0.0012523508927109871,0.030631087774921417,0.017709800714613148,0.0009353273890500973,0.02190272937287816,0.0014707072355666364,0.00011725561372634183,0.0002733876943655545,1.3756591919612409e-05,21.696070908181586,11.34052278273617,1.111442385516593,0.13421822399660724,2.506079465808888,133.451530612581,9.000322946819189,4.3527436155924955,2.594344621166099,6.573888538020429,1.4383062793862742,8.423012462291021,3.1232644186008716,9.96008264289961,1.6111385478071922,2.4043274143621987,25.839239311333174,3.7675159908226727,8.633996424372409,0.3783472530599865,7.884891992012127,1.2103577192512016,7.445336247440472,741.914754038603,4.022914244417454,487.20000146298685,22.598583224357952,0.15786572187761105,0.0005006832896300051,0.0143640771286174,0.5018944880327456,4.150461194730149,5.1042256605477064e-05,0.0031468015229885963,0.0007339788872579587,1.3623692631225297,0.005083573714086126,0.03286689224191827,0.0013600448925399945,0.03290570745147051,0.016558231940071066,0.0008333427378217469,0.024415237735419062,0.0013712985359934115,0.00010584290022482632,0.0002734958794471477,1.330437818058553e-05,22.80422230424795,12.778517316066552,1.1548023908045653,0.11566837431275472,2.6987877353357694,147.27728839584307,11.155018887385193,4.572484273933299,2.800867078062048,7.290802886400412,1.2985571152277235,8.27843967695021,2.86286111044957,8.918506035229516,1.6909594973517972,2.477874708902346,24.276413904588377,3.3850719565131255,8.595095554446486,0.3670789621853497,8.233698117850402,1.1884741362520101,6.917724574083101,764.3472458804969,3.856882643103685,1.5,1
240.0,21.692703603442126,0.15756306940341233,0.000595163065897771,0.01666504553639162,0.48738794367589844,4.761945947259608,4.973275796900403e-05,0.0033385979337742107,0.0006744391925162024,1.2154311046431348,0.004727537559248774,0.031103257819290023,0.0012122309878443717,0.030635818123036417,0.01773564552859755,0.0009540313083475664,0.02188568037361106,0.0014683060852396417,0.00011730313859758284,0.0002620688252222963,1.3756592966853374e-05,22.31301617267374,11.69611247954532,1.1600940155656658,0.15519071658942646,2.5299195032991193,140.3836817508389,9.481279427697812,4.448294027138813,2.709201038381611,6.966109167654744,1.5145462473736324,8.511410122556526,3.0820193869065315,10.056870156403521,1.5521470097987238,2.442057330322083,25.928325886940456,3.8358886271935697,8.681583237301817,0.41441726123558775,8.081381113474926,1.2132039920390374,7.54368665028314,778.2789691905037,3.724589202173499,505.2000014629867,20.73260482160824,0.16260242141995357,0.0006753516196361417,0.017100017929781313,0.47232275281109176,4.3510265410370925,5.302914244844829e-05,0.0034829962015462046,0.0006212160626456011,1.2080474258662222,0.004994414288185108,0.03351744040872964,0.0011148588368039103,0.03640587401177098,0.01771935951256002,0.0008566210837515067,0.024213630661412317,0.0014377526699094322,0.0001151500359194379,0.00030332338188629096,1.397596078114052e-05,22.438910540156687,10.41987561871799,1.1704194749992647,0.18063256231097982,2.501715840437049,148.484714131355,7.739406818696226,4.4502782541544095,2.643707696428935,6.877657318740696,1.5845805498159327,9.712390967526453,2.790987733843261,9.096206703797895,1.8190201163166178,3.019024945196715,25.813423579391497,3.6431605798625983,9.455891332077567,0.39384890030883724,8.03925947433,1.3274422362672273,7.39547844483907,755.4734564013573,3.095796395243775,1.5,1
