t(h),ACCOA(mmol.gDW-1),ADP(mmol.gDW-1),AKG(mmol.gDW-1),AMP(mmol.gDW-1),ATP(mmol.gDW-1),CIT(mmol.gDW-1),F6P(mmol.gDW-1),G6P(mmol.gDW-1),GAP(mmol.gDW-1),GLU(mmol.gDW-1),MAL(mmol.gDW-1),NAD(mmol.gDW-1),NADH(mmol.gDW-1),NADP(mmol.gDW-1),NADPH(mmol.gDW-1),OXA(mmol.gDW-1),PEP(mmol.gDW-1),PYR(mmol.gDW-1),R5P(mmol.gDW-1),SUC(mmol.gDW-1),X5P(mmol.gDW-1),ALA(mM),ARG(mM),ASN(mM),ASP(mM),CYS(mM),EGLC(mM),EGLN(mM),EGLU(mM),EPYR(mM),GLY(mM),HIS(mM),ILE(mM),LAC(mM),LEU(mM),LYS(mM),MET(mM),NH4(mM),PHE(mM),PRO(mM),SER(mM),THR(mM),TYR(mM),VAL(mM),mAB(mg/L),X(gDW/L),V(L),ACCOA(mmol.gDW-1)_noisy,ADP(mmol.gDW-1)_noisy,AKG(mmol.gDW-1)_noisy,AMP(mmol.gDW-1)_noisy,ATP(mmol.gDW-1)_noisy,CIT(mmol.gDW-1)_noisy,F6P(mmol.gDW-1)_noisy,G6P(mmol.gDW-1)_noisy,GAP(mmol.gDW-1)_noisy,GLU(mmol.gDW-1)_noisy,MAL(mmol.gDW-1)_noisy,NAD(mmol.gDW-1)_noisy,NADH(mmol.gDW-1)_noisy,NADP(mmol.gDW-1)_noisy,NADPH(mmol.gDW-1)_noisy,OXA(mmol.gDW-1)_noisy,PEP(mmol.gDW-1)_noisy,PYR(mmol.gDW-1)_noisy,R5P(mmol.gDW-1)_noisy,SUC(mmol.gDW-1)_noisy,X5P(mmol.gDW-1)_noisy,ALA(mM)_noisy,ARG(mM)_noisy,ASN(mM)_noisy,ASP(mM)_noisy,CYS(mM)_noisy,EGLC(mM)_noisy,EGLN(mM)_noisy,EGLU(mM)_noisy,EPYR(mM)_noisy,GLY(mM)_noisy,HIS(mM)_noisy,ILE(mM)_noisy,LAC(mM)_noisy,LEU(mM)_noisy,LYS(mM)_noisy,MET(mM)_noisy,NH4(mM)_noisy,PHE(mM)_noisy,PRO(mM)_noisy,SER(mM)_noisy,THR(mM)_noisy,TYR(mM)_noisy,VAL(mM)_noisy,mAB(mg/L)_noisy,X(gDW/L)_noisy,feed_rate,feed_state
0.0,13.968253968253968,0.2126984126984127,0.0006031746031746031,0.000984126984126984,0.02222222222222222,1.9047619047619042,0.0001333333333333333,0.00017777777777777779,0.0012698412698412696,0.6984126984126984,0.0047619047619047615,0.02825396825396825,0.0023809523809523803,0.0030158730158730157,0.0029523809523809524,0.0006349206349206348,0.0027936507936507935,0.001587301587301587,7.619047619047617e-05,0.00025396825396825396,9.523809523809523e-06,1.11,6.06,11.17,4.47,2.5,72.55,1.21,0.97,0.23,0.65,1.5,8.17,5.22,10.840000000000002,5.749999999999999,2.23,2.1199999999999997,3.42,8.980000000000002,10.699999999999998,5.2,2.32,7.62,0.0,1.26,270.0,13.968253968253968,0.2126984126984127,0.0006031746031746031,0.000984126984126984,0.02222222222222222,1.9047619047619042,0.0001333333333333333,0.00017777777777777779,0.0012698412698412696,0.6984126984126984,0.0047619047619047615,0.02825396825396825,0.0023809523809523803,0.0030158730158730157,0.0029523809523809524,0.0006349206349206348,0.0027936507936507935,0.001587301587301587,7.619047619047617e-05,0.00025396825396825396,9.523809523809523e-06,1.11,6.06,11.17,4.47,2.5,72.55,1.21,0.97,0.23,0.65,1.5,8.17,5.22,10.840000000000002,5.749999999999999,2.23,2.1199999999999997,3.42,8.980000000000002,10.699999999999998,5.2,2.32,7.62,0.0,1.26,0.2,0
12.0,10.099151521602973,0.04929362190152327,0.0005834199991076092,0.009998455297014387,0.2614051680288117,1.4802547186676411,0.00021050054564956288,0.0012353237399401935,0.006145437181861743,0.4856365546732546,0.0046491262205033725,0.029688336105474018,0.0020529203054264677,0.02858805406525192,0.015187946475184746,0.0009617372356660291,0.0073173042438198785,0.0017960614743070676,9.5029273660057e-05,0.0004477036826921757,1.375585798778733e-05,1.6610874499152446,6.028322786944158,10.762046603960432,4.184698652896994,2.466024778501464,70.04862011427376,1.1761628507271427,1.061988284859838,0.2992510592994121,0.5471923508784408,1.4246986819900154,8.079848261389388,11.762791854865046,10.642648729765774,5.504553361914292,2.1896229854986293,2.9723595427425282,3.3500195145996696,8.882006707130634,10.156070681239568,5.172180408395653,2.239522730028418,7.4797240701743215,0.09102753712075287,1.9698095765465338,272.3999999999996,9.097027962963395,0.04891287836535832,0.0005200785906195577,0.011356173802574058,0.3406744324603748,1.495103530640784,0.0002102210025875325,0.0010585903503502795,0.005937487007602355,0.4928633598012605,0.003935895074123169,0.02739876643129971,0.0019766291896756473,0.03014547703916544,0.016750279045785445,0.0009435451873431977,0.00776047535426238,0.0016325935813847519,8.560407854321295e-05,0.0004308735370962741,1.4632909626913524e-05,1.8332978968138005,6.147915154203475,11.339823885131185,4.129342663051481,1.9983148131064759,80.7242237003839,1.0686315585339323,1.127950309049122,0.2580430532926157,0.5606246151525631,1.7960217304621697,7.577383487572986,11.907328987619245,11.487967354592872,5.595044130241877,2.4016413434677566,2.8817488556830977,3.00247847871691,8.551490573727829,11.847994571407412,5.546819940215309,2.3535946961241825,5.7820222485054105,0.10042924688875757,1.888777273719386,0.2,0
24.0,8.231554300689455,0.06195347429877278,0.0005674639060491835,0.011006858400695738,0.2944702907971847,1.2907013836506438,0.000252231458408026,0.0014019264527835558,0.0031314341734746077,0.4002634080231433,0.004478527750446888,0.029685549653311157,0.001874518817227022,0.02877971958292049,0.015556822356585075,0.0009471105212987387,0.008644370127102348,0.001845761400881724,9.835729600093738e-05,0.0003795651558914886,1.3755992267646121e-05,2.4114404769350934,5.906420000726765,10.155782257645258,3.7111435373149186,2.4199853095025605,65.69969081680414,1.168272011914428,1.1694381825065197,0.3554078337385315,0.4699466857011264,1.282856289166092,7.952498635833916,18.649776362109375,10.378540549464796,5.199378300281254,2.133919917905495,4.237369620119892,3.252852621924159,8.751971657681658,9.311258586185676,5.009844230177279,2.1351806845546353,7.287585976577552,0.2283248780294954,2.888583322125835,274.79999999999933,8.613237061141232,0.06536958868720047,0.000644156050423441,0.011682930284401972,0.29530333399382996,1.322559130925445,0.00020418945623567163,0.0013305788527745463,0.0034936277834527376,0.47786220737635643,0.003739471581720788,0.026662838775971795,0.0018694014874415998,0.025130403478856738,0.013440743502054982,0.0010319838417643939,0.010237249712490001,0.0019514316969909927,9.753325910518996e-05,0.0003508677203428374,1.3506586004278613e-05,2.0813148509723876,5.716576276741818,11.010624269647645,4.221859417628845,2.4674817914807066,70.5464329595292,0.9121581274574919,1.0736100603826513,0.3391828309121622,0.502678463310634,1.3159699284945194,8.728475427325678,18.108767803944197,10.3156367665367,5.207190950868888,2.0643312334272235,4.013707061314742,3.7523905802550264,9.19621964067436,9.413748558387143,5.384449900199578,2.2588363767910757,6.750459068352761,0.20125124092689076,2.566285641748599,0.2,0
36.0,7.445240661305194,0.06869157253727891,0.0005569349903997649,0.010967573414910007,0.31467895475155594,1.2318586279399162,0.00027915007430100175,0.0015385071155491396,0.0021078128919677884,0.3842060761077917,0.00436597791815503,0.029677378921452315,0.0018052398011463868,0.028779022552194382,0.015726507218340905,0.0009251481426992612,0.010214250532418654,0.0018534548173211424,0.00010167106804453551,0.0003555178719438221,1.375611452148622e-05,3.382169708237954,5.700143650016893,9.324620393414252,3.032233023646019,2.3648297736316173,59.71477605899853,1.2238847891854536,1.2961228263688047,0.39499370671655387,0.45420409415218393,1.0749372735537084,7.7950167324709545,24.91901606799831,10.062052352951698,4.847381053152182,2.0666266866770617,5.988641803289445,3.1351193304136946,8.5977533929552,8.122567061553875,4.703040843730657,2.010882794371672,7.054267412450314,0.42067172393478913,3.964667321425528,277.19999999999925,7.4346761104105745,0.07653822962416124,0.0005113733427561765,0.010403657845892795,0.3292245131145634,1.2049772902610834,0.0002994198883262912,0.0012354441225689934,0.0023718151149857442,0.41784422163489465,0.004333743403956592,0.027561335684439348,0.0018660575118825701,0.027136832051848147,0.017089014532389837,0.000977449913852607,0.010531495369116335,0.0020112346952610334,0.00011621824637304508,0.00036017877107254767,1.587258502722187e-05,3.2716263026882686,5.081419631541905,9.131341932614424,2.7012815462037527,1.9691001308339808,57.19287109732245,0.9839506378505386,1.3510228958366968,0.47601900636042616,0.3856011919278861,1.176642160039637,6.767047730532861,23.528003496808783,9.274825856742698,5.462103923845489,2.058853689459595,5.808686097384067,2.823182491851776,8.489345107509534,8.533042579786818,5.125509371322866,1.9013460563528963,7.004812422535072,0.5071644842887217,4.3503858879798285,0.2,0
48.0,7.259204733557931,0.07141955567287445,0.0005514067307819297,0.010467712470493119,0.3289112209945862,1.2491522689898304,0.00028914089035968855,0.0016205005020964907,0.0016087996986660243,0.3988297472688024,0.004305007067867639,0.029668330694936178,0.0017974628985256685,0.028783470627208527,0.015822030654969635,0.0009039598672018124,0.011955203794785737,0.0018453179139471055,0.00010453479058429185,0.0003526567129550208,1.3756214209395786e-05,4.60014901643243,5.429644576593072,8.261757747639102,2.1374272921818074,2.304519019077111,52.46226034909953,1.3763131510594915,1.4464409004906558,0.4160227782374286,0.5235016566390562,0.8138726303184718,7.617752061921067,29.59670651043109,9.71335996995778,4.46677270889876,1.992761741545684,8.256544122102936,3.0057123807788297,8.429910988591997,6.5739355241982755,4.263122100344068,1.8727420922738982,6.794977369173675,0.6738393100041872,5.1286660264438755,279.59999999999945,8.518899452286124,0.06494356902535207,0.0005495280377690082,0.011192882727033811,0.3714706081955961,1.1157157898044479,0.00032314789963403386,0.001602943086096525,0.0015842880292506792,0.4157957353779835,0.004670086580808292,0.031752772621535016,0.0018341521680744536,0.028621170427147104,0.01555976698912745,0.0009675151766971267,0.01208840955577887,0.0018944827667356436,0.00010326546831324286,0.0003366909925133199,1.1753488370132907e-05,4.291527922820283,4.7316787686972175,8.046412734479993,1.9921081299453134,2.8303129363192627,48.97654838319309,1.201729958596151,1.7295348889264122,0.414452440084676,0.4804614673031342,0.7455338565760783,6.020964506499483,27.374791052215034,8.89259056546524,4.58856226153456,1.8269821613820214,7.876629511038499,2.7751671124803208,8.626407387255691,5.857628645339293,4.03632281495861,2.06496707123698,5.755206967788503,0.6770654590176964,5.684411979254943,0.2,0
60.0,7.427297014486139,0.07146298236901405,0.0005503270978180866,0.009786284266748008,0.34025794822394434,1.3125246053045834,0.00028343904111040595,0.0016194730343308595,0.0013311018458195812,0.4191967568349319,0.004288801807340261,0.029653905815381326,0.0018330276589988048,0.028800756738523142,0.015838101434291176,0.0008821285903992231,0.013822108177833137,0.0018309906079778655,0.00010691252182399632,0.00036432775220352615,1.3756293132053272e-05,6.0663539312710135,5.132119682283366,6.980037638110164,1.0300168157150178,2.242718879984442,44.28402617433228,1.6408577559433508,1.6214547280358178,0.4186059622583963,0.6843310438594153,0.5301756426454528,7.430752689562884,32.00644279375363,9.351605188593563,4.074875475812643,1.9169694943746904,11.018945550255983,2.872862146767937,8.258216847945281,4.67641540021355,3.7158902534462115,1.7268851456592231,6.5242611219820335,0.985063704979322,6.316358322028787,281.9999999999993,7.603072183289698,0.08177130081923883,0.000647425511559941,0.010234035237421724,0.34027134582472207,1.4140411010483924,0.0002764974808330366,0.0018462161541224862,0.0014783633126955304,0.4691695260846009,0.0041951535402869585,0.032107714260238195,0.0013814611559696383,0.027467246936722773,0.016199696812105185,0.0008762498679538987,0.011681797240879775,0.001725374448556681,0.00012688047263188456,0.00033599824139215047,1.3283376492027019e-05,6.39601520566813,4.947642922766472,6.365418379407494,0.8884261407980532,2.5262198800427247,37.46715878079867,1.6497054505935516,2.0583834079832988,0.3917103838677922,0.7359754264888017,0.49966839154214837,8.237399475332237,33.86834385008813,9.88052143786289,3.485011861632162,1.9531993883164536,11.556279702292487,3.0253373394936562,8.668645966802819,4.238521724750134,3.8275038909285093,1.6593626357898377,6.882533797271627,0.8717164065731006,5.435533059931929,0.2,0
72.0,7.87690861563443,0.05497064843273919,0.00060942122898516,0.006931017776564922,0.366766240730943,1.3878182341922773,0.0002815626787950588,0.0014497180328617851,0.0013440367563863468,0.40966481733080085,0.004895397747823901,0.02922655313802508,0.002472669923262902,0.02883060089944445,0.015774360692110825,0.0007389423311482766,0.01747375882049166,0.0017515148950367333,0.00011017867548340275,0.0006458325098309263,1.3756411840460547e-05,7.682697889963018,4.87013522778423,5.522953941861267,0.03498122762303826,2.1855105929671117,35.76637256520817,1.9837432845384142,1.815534692076197,0.4045427785758912,0.9090951074991567,0.2753589561809079,7.249900187582876,31.595392637819575,9.00775913889212,3.6996606839256456,1.8469511305659299,14.2174922323318,2.750219024857713,8.098883878650975,2.4955905045708935,3.1424452509214245,1.5826951357130936,6.265461562480703,1.2781913964193101,7.421328702645803,284.3999999999995,9.333199712601797,0.057471630175486836,0.0005957832127238087,0.006535620703747563,0.3791680163640427,1.4252267163039338,0.00027120745459220777,0.001552773371290831,0.0013545513728723763,0.3714000130418797,0.005025156461253848,0.03206831687963581,0.0025427183039728974,0.031395201738258785,0.016288511760518296,0.0006418478258059796,0.01683417326372728,0.0019817848669236495,0.00010677929423223304,0.0007821993196365376,1.2934364029176735e-05,7.527153305212496,5.440828973512337,4.969405152998154,0.02965952810137212,2.0760432837438594,26.155598933243333,2.0647321215595675,1.6949939403815921,0.4028398396544617,0.7823623594152497,0.27527525484290977,6.302766974412055,30.21273355556288,7.186571425076366,4.489085453069782,1.7487021958057654,12.334618809979535,2.157967603609153,7.582816672009728,2.3884162455561695,3.5655282949932223,1.3869028002055468,4.602947999810542,1.1475857887333905,7.252797796731924,0.2,0
84.0,8.709412520746389,0.051428889531909175,0.0006007007282620228,0.0061225080043421825,0.3756015186083977,1.421017251728821,0.0002497478374901468,0.0012229233451125805,0.0013048119682919396,0.34189995906869775,0.00480315195319473,0.029464384960179602,0.0026841040198708273,0.028951086757196428,0.015516181938041697,0.0006979405661635877,0.019436259077910068,0.0017385657768932109,0.00011167990299308054,0.0007250826842559897,1.3756456877152101e-05,9.085109992810139,4.734580193712746,4.0095908234346975,0.030916897022500098,2.1455937839557673,28.308068065645013,2.2638404888429458,2.002016197386214,0.37896568593970525,1.1192111973395094,0.11727574801944556,7.1083668467315935,27.487927312306237,8.746516955728593,3.399588620568292,1.7987884407195984,17.58555546432427,2.6662868279562075,7.985773464824143,0.37700515246107663,2.7330073709549136,1.4597858819238445,6.067336766733412,1.4049503020046294,8.221472479875702,286.80000000000007,8.31562774519573,0.06291547473533651,0.0006036782475911765,0.0071065177391149235,0.4235492301145951,1.4940574749597602,0.00022710710823660562,0.0013561041959155784,0.0016227431030712489,0.38505151162300855,0.005151357649050235,0.02947521697684719,0.002768519137305471,0.026404747517877112,0.015029799809418373,0.0007653649476081212,0.01637053464767174,0.0018355745136388539,0.00011006460293663413,0.0007575198712778749,1.0753752079071099e-05,8.917994129165322,4.508473027159417,4.512367627724929,0.030443630008372764,2.147332744529636,27.58752920520052,2.2835170076407962,1.8936986895687755,0.43130532739340766,1.1182775085939178,0.125157791589837,7.30749069238647,26.676446126583215,9.220646148591724,3.4179997961571216,1.5913059181157654,17.538414807999814,2.6380521141396165,8.116116037772123,0.37501597580850116,2.760709686844748,1.718487153836458,5.900594237035915,1.5312733307137463,9.316997449741706,0.2,0
96.0,9.617780011917748,0.0489797360335164,0.000592316592536782,0.005649355812650624,0.3818442308040997,1.4369138517037863,0.00020293351028627307,0.0009009206220715,0.001327529218504568,0.2936250280383926,0.004710813813780794,0.029505929398840294,0.00284823210818503,0.029198852420775554,0.014954457815899493,0.0006569922486500781,0.020770473758974218,0.0016925246862636541,0.00011252233605639304,0.0007875569218984632,1.3756487165392038e-05,10.23323921531074,4.705977388563758,2.5249211622720824,0.02606133670178885,2.112072381914128,20.57413411940109,2.5174283299283147,2.1652149605109927,0.3475825508075445,1.3538424338991606,0.05613700630685752,6.9820860372842475,20.837758747052977,8.516749749960573,3.1288331569389,1.758685712767849,19.186060350627383,2.5966143952720593,7.8898278327491544,0.003315336767373703,2.3527511601906688,1.3457046299670805,5.892441857960294,1.5003368602229,8.907505045150383,289.1999999999992,9.33897278173566,0.05372552803160974,0.0006624947797420206,0.005527635355671268,0.46773595721950695,1.502360833416573,0.0001632634969403477,0.0007473091031920707,0.0015976238980995254,0.2656798676484016,0.004955900140991804,0.027745133015790832,0.0024971534579868943,0.030417910549003745,0.017588472617028186,0.0006641695634085864,0.021371980966231552,0.0015359463486365743,0.00012699065684942495,0.0007172817659246576,1.3786576143800618e-05,11.297329735411454,4.746026769424126,2.1858113627559685,0.02671294340492,1.8841595035620662,22.10764356229133,2.6749093281846554,2.4555989917032153,0.31019340856524025,1.2139902011203891,0.05520698606905433,7.819995136806992,19.752633832289252,8.049351479615646,3.7128704510152604,1.5781654438139987,22.814662382170724,2.4059720462888867,7.401228047652148,0.002936694232685836,2.5971739983909248,1.1822819812315615,5.099068230252277,1.6651613018025058,7.16297051926923,0.2,0
108.0,10.606967873555185,0.04930457520005308,0.0005939815833477894,0.005518838228851278,0.3841499598584503,1.4414640694257879,0.00014961934779287624,0.0004904481905719,0.0013021780581789608,0.25808148427529093,0.004729938484591485,0.029612136221949675,0.0028037991259819593,0.030036201602114943,0.013412318147812598,0.0006278181342271553,0.020727625502405804,0.0016626580325559619,0.00011225139109109737,0.0007910050744811267,1.3756512967342948e-05,11.16124594289521,4.731329710188164,1.2343309493159107,0.01745935295477189,2.084541883471223,12.267573802837244,2.7612957215236937,2.3043227377052102,0.3146245205476592,1.6250182707563137,0.039639526693824166,6.869156757963863,13.725889365167578,8.315543428582558,2.884654032301316,1.726131420742013,20.250481223432566,2.5402961030421913,7.809965540607907,0.004758884537459371,1.986146595000462,1.2389719890553914,5.738376005991607,1.560649266691584,9.486627259284877,291.5999999999992,11.807768342113667,0.04585432874289406,0.0005007347246527535,0.006155314244289579,0.3129573241994607,1.3968766395314072,0.0001680183660821037,0.0005330887307957244,0.0011853639230004526,0.26076987854821915,0.004271858966957891,0.02456909425759812,0.0024718267268213994,0.03107233803185231,0.013446547787712286,0.000564362885791097,0.023505190068185428,0.0017857691649626206,0.00010486968901944491,0.0006840696737376605,1.593307153653713e-05,10.51640963547342,5.415821817436932,1.402125634592373,0.017449002156432924,2.0878141155953527,12.89567062072818,2.869005970666022,2.1672719829911395,0.32102106542365416,1.8340876912038815,0.03535003446620235,6.548913703511098,13.641405527362599,7.666036751480899,3.1014861481180316,1.4888183892804645,20.44803613084644,2.326557288767474,7.015756079481967,0.004416524187264006,1.9349360296940028,1.127348960458341,5.6384631651190515,1.6193401777882066,9.390619968693366,0.2,0
120.0,11.671789554745263,0.06551633178785063,0.0005920635657062542,0.006898148578816733,0.36832052627599193,1.4421709835674539,7.168195775665187e-05,7.678855732893597e-05,0.0007646914732148956,0.2241148753397944,0.004775999485100018,0.030279652539605927,0.0019822044696397004,0.03768022520724312,0.003162849528298121,0.0006213130132834222,0.013425445775360256,0.0015711110589902253,9.370327032938456e-05,0.0004938278447699415,1.3756534029260696e-05,11.821359831174096,4.784071040971869,0.40180237089847026,0.008116206543726679,2.0646121531608057,3.789042903715242,3.0541057408908565,2.417213591910227,0.28208587153825015,1.9960648198320041,0.03826369666184431,6.7649792594498335,6.623249994059237,8.142288137234342,2.665631235718053,1.7031658999181978,20.878822503122564,2.5009475393113485,7.750476973060816,0.006928786859049878,1.5840653865943763,1.133261592367414,5.6025131417152725,1.5919877401489761,9.930757415036561,294.0000002283658,12.670698641477367,0.0737928077470436,0.000665833935430249,0.00546119034454631,0.323882563415574,1.3234626685609763,7.408103360537214e-05,7.49847690955297e-05,0.0007024800866206907,0.2142599285250646,0.005482940284648161,0.029983857024933207,0.002124470970229896,0.037300332033762595,0.0029911172606490043,0.0007243668070826492,0.01468422885632387,0.0012034477636485102,9.99277413875747e-05,0.0005323794769719866,1.5513859082332136e-05,10.523775090768416,4.946752064200026,0.42443231919958224,0.006470602919953618,2.131023331991584,3.5986840406194243,2.8908540626171453,2.402727098675496,0.2659154376549904,2.276929582453012,0.03195736932340947,6.72517635163484,6.355664174163738,7.677467246961128,2.4099935221292186,1.4080155630900966,20.666990095675608,2.723152574384157,8.662124748127475,0.006458777546128422,1.3552637287783114,1.1120710693881106,5.742844772588679,1.8671130485189085,10.363663879302717,1.5,1
132.0,12.803936914443232,0.06798198579035898,0.0005656716092039086,0.007997448987451677,0.39648757742388996,1.5448480049772102,8.27880763315044e-05,0.0007937170500594225,0.0012181655849637504,0.33399218819623167,0.0044222258053195004,0.030812749548597078,0.002007444097994214,0.028482663436983066,0.014025915468220086,0.0006860947976014955,0.019684474112845855,0.0015744696413127,0.00011652972357003597,0.00047820585586371946,1.3756563049733192e-05,12.30092463359568,5.897375653153067,0.55878045704362,0.04720960230480452,2.118564329691735,18.051470983516637,3.6420246347078633,2.6608552886899144,0.6838139085621133,2.534756968559098,0.42065911014152235,6.951092163956857,5.150719467982941,8.325849186870661,2.433782837242743,1.7882218757485648,21.397330530754406,2.6600798042958176,7.850075873931731,0.17078884137857694,2.5314546096519077,1.1022996276218215,5.804722642265142,22.020230412852193,9.264139503682904,312.00000022836593,12.979221566368249,0.07064561388327574,0.0006103508608119078,0.007682583582228293,0.46492393933114096,1.7201859035435632,8.102640155793125e-05,0.0008081844147603566,0.0012023322219940759,0.3281180424693397,0.004303860228726779,0.035157975897355004,0.0020234778300122127,0.03150885030433467,0.01505719348474447,0.0008707098435440935,0.017892611320386678,0.0017000595027796585,0.0001124540657502129,0.00045578713540458726,1.3908911459059543e-05,14.045099396897264,5.229339607835289,0.4847999640879053,0.04432737917462763,2.329865686398286,18.804610777675357,3.907586330735665,2.8505919178846817,0.664284735151589,2.506287598922154,0.391361375688123,7.087528373716329,5.834530199226367,8.125959907883942,2.674085594199996,2.0041152699926075,18.108419837830002,2.8402543448749955,8.093375186367947,0.19403074418217514,2.488458933776663,1.0762442402596861,4.657773687668543,18.62599339083912,10.020172842002175,1.5,1
144.0,13.862976765545678,0.07235693626389908,0.000581073731077253,0.008316978000839048,0.42002370774191355,1.6851300229568547,7.957748340239727e-05,0.0012892082657275426,0.0011943302836060776,0.44758658753147856,0.0045765699667145,0.030979124272798267,0.0020076943364552985,0.029386320401636773,0.01568773359056408,0.0007150789988741536,0.02084619253565924,0.0015497019799689015,0.00011666535229185007,0.0004935695827663327,1.3756569330129392e-05,13.274349489997835,6.7351240742250535,0.6257131857003216,0.04888934963124967,2.1680340109113767,30.579179702691906,4.2457815566670405,2.9129747280220197,0.9849940709574662,3.063169446206477,0.6045300361114918,7.128186251615152,4.689036318187384,8.504299790435574,2.2414703044626787,1.8659195396556334,22.196145313876784,2.805061223062094,7.9425870845749476,0.1778319190546007,3.339694049028982,1.0845477348292725,5.997964393037732,44.11308041525098,8.632404801362766,330.00000022836633,15.43708149063846,0.08177920044673902,0.0004979026192812835,0.008296146382874512,0.3514303948810415,1.8550829140584038,6.275002081325865e-05,0.001249461363048672,0.001219443002194834,0.4547435520348076,0.0045371730459282285,0.032287160279170814,0.0017103977375541968,0.028579202849445557,0.015486975086219329,0.0007024929922807832,0.02164825795288057,0.0016916638620772158,0.00012703812811208878,0.0005150586316525519,1.1847885183664571e-05,11.338249512083276,7.168353529664408,0.7036920649239149,0.05702573618055958,2.1097957871177586,29.721394875466153,4.355365535828825,3.204855799848265,1.0082290159411584,3.275288382585591,0.5224011676054379,6.296099243638881,4.756108118253018,8.081508620442303,2.1960708651343985,1.950024147260813,19.92622858973803,2.993139361651781,8.95319114045083,0.18378884497202044,3.00068671624079,0.9181476502343785,6.536491591033529,40.187629014693705,10.358862819724164,1.5,1
156.0,14.87662291686167,0.07944277659357261,0.0005901440741625433,0.008957980918333797,0.4363427515671078,1.8600542157405207,7.4012872691454e-05,0.001653178578198249,0.0011152671340110966,0.5455404136066341,0.004669340859592341,0.03106753077946913,0.0019103148757953893,0.029930866167512057,0.016438561435359055,0.0007408288438684317,0.021416455154416,0.0015257399658622156,0.00011683490738255978,0.00047027810986383333,1.3756574554882265e-05,14.42674486278206,7.439703299646256,0.666132130824676,0.050726862919182894,2.2143299889538057,42.128202449415596,4.868667593654426,3.1535507238257185,1.2272756557967972,3.5995834222012504,0.7193211028607713,7.293380725194663,4.2096015103771895,8.6755668474376,2.0793816853814966,1.9380704494408243,22.939441555400606,2.939419397292374,8.030718949869323,0.18567834834717342,4.018816747627702,1.0729882400042354,6.18003960177434,64.70172141346671,8.024690756862809,348.0000002283664,14.932637633563829,0.07642046377762493,0.0006294253508471559,0.007623558006978824,0.48594621427408996,1.7803043892386052,7.336089458316943e-05,0.001549550912034386,0.0010738412000855326,0.5766000238061516,0.004781094958399435,0.03041852911404034,0.0019412550361992524,0.027621579687303666,0.012645551879257411,0.0007766428882668177,0.020309282303221095,0.0012391266905938032,0.00011848575389048243,0.00037054220577389783,1.2426560471443883e-05,12.154937913794214,7.223649635661672,0.6537494880913657,0.05005648465442019,1.8973679934940062,47.55737376397687,5.399093234075227,3.204274742172115,1.243892931896885,3.510257957550798,0.7810836361908726,7.743931642321935,4.604604527961064,7.851542192179844,2.264450259850166,1.9407146900250292,25.43176729669561,2.7825718746902903,8.881914587196368,0.19531351020974763,4.802659483448695,1.2263431946170678,6.316573537805926,64.84166256698997,7.211274103797785,1.5,1
168.0,15.85253629447412,0.08750369974592404,0.0005957544990083345,0.009721048065291019,0.4482809030867364,2.063983228119259,6.881099479576807e-05,0.0019421178823190981,0.0010322447774559853,0.6297114064550616,0.004727190704684922,0.031107993331413543,0.0017946091537708812,0.030215060724039962,0.01684361473173888,0.0007642281736092483,0.021764526626281696,0.0015052789480750931,0.000116984124079688,0.0004376419769245618,1.3756578702637417e-05,15.61391116154257,8.057583509490767,0.6985600186661148,0.053140592701625314,2.257611430796681,52.83961326110236,5.502722805797918,3.3746717102514703,1.4308629673754854,4.144416599569158,0.8026220578392235,7.44742955028183,3.8349689060503795,8.83892702887892,1.9414242075474208,2.0050877600361328,23.586074488298916,3.064022254274889,8.114289951244803,0.19519601259521022,4.5835236845153045,1.0660312048730711,6.351206520662966,83.63516086678959,7.446463989974754,366.0000002283663,14.242765311013045,0.09211587325561998,0.0004941144040892825,0.00951520335830578,0.5457622850736512,1.8474064696763788,6.601238684513389e-05,0.0020296216663580743,0.001025094360532353,0.5112239222341015,0.004288170207228723,0.03267807162992549,0.0018583630202672942,0.033768348857497535,0.016872622091347475,0.0007194836324840903,0.022941963057533897,0.001379378967354467,0.00011022657425568476,0.0004152279957454651,1.4190296256777063e-05,16.838313337214018,7.4412333266739825,0.6472795748816023,0.05706751655646634,2.17041044458963,49.489169234647136,4.959509306718268,3.8180380915560965,1.819137772779262,3.996114258746814,0.8676393434566706,7.9283946192465296,4.072518184285624,8.669755763860817,1.915912377363734,1.9338572681309492,25.77246400922323,3.806055949691853,7.596623167604346,0.21196800204673535,4.11768131901763,1.203808623224578,5.50634982229514,85.6922193273039,7.33705596045439,1.5,1
180.0,16.797033272397183,0.0957943162258421,0.0005993241002061945,0.010519290118628023,0.4573947262500296,2.2929438748422175,6.446460259079409e-05,0.0021830500251605405,0.0009586456704247379,0.7027414995002956,0.004764171059064555,0.031123283163555594,0.0016873104546039576,0.030369618284751047,0.017089095972654084,0.0007859834624046125,0.0220101219818398,0.0014886677199037563,0.00011710823070331479,0.0004064126479289394,1.3756582009539753e-05,16.772115583576678,8.61238282066418,0.7296119590268354,0.0562480881445148,2.2980357219501415,62.850610506090234,6.137059693968627,3.574550744728736,1.6076172576188834,4.68932217041885,0.8707747115238723,7.591218967491582,3.5631391463464994,8.994145067155477,1.8229871682541714,2.06735166151527,24.133266694601993,3.1796416990675627,8.193229679781071,0.2064551505205656,5.054714175997757,1.062631323950268,6.511988352221732,101.03433251748633,6.901101218316106,384.00000022836605,14.877319425916523,0.08818554202885262,0.00046559246348338565,0.01076645578908037,0.46392873511496635,2.3845368229444452,6.79268604314249e-05,0.0021439513289118004,0.0010009018113842545,0.7256395088424743,0.005165097907507011,0.030577277914799063,0.0015672457386287522,0.030076503956214678,0.01781312446200663,0.0007996665276660266,0.020826746666877748,0.0017541364479382487,0.00010851765909872427,0.00039633595873532664,1.3420411856997486e-05,17.485772503993736,7.0278499708128965,0.7284472468914565,0.06533171179637583,2.162409438716792,54.05399009928442,6.2307267943090885,3.718914201031046,1.6195288379286525,4.709530568291542,0.8142618317581525,6.111230624159648,3.871317209252507,9.58258164449075,1.6187247374534677,1.8113539465733686,27.29269766752038,3.0903375675122717,7.917336736878122,0.22393774126524685,4.91668866540659,1.21618967746446,7.168673786751172,78.22114068175293,6.768809708845593,1.5,1
192.0,17.715092162785787,0.10403836219263203,0.0006015147089947818,0.011320087872915678,0.4645315275397149,2.544073338516048,6.088612738956542e-05,0.002389987585893571,0.0008962611372099735,0.7670030349364688,0.004786932373566007,0.03112707685468287,0.001593547535963374,0.03045899535455864,0.017251563455890642,0.000806551143656516,0.02219282438966004,0.0014753441648598755,0.00011721013868146048,0.0003789366371411889,1.3756584679229516e-05,17.871562496974832,9.118422375278195,0.7618859557028251,0.06015282695103186,2.3357843054648786,72.27605886437796,6.761730024051369,3.7538632387336,1.7651470444275843,5.225139424841102,0.9320295272979241,7.7256300747495805,3.364652280873109,9.14131370725291,1.7205461966148239,2.125242957118316,24.589798826666136,3.287029706812308,8.267620284264162,0.21959127572298806,5.4523188287891555,1.0620291327501548,6.663033803241888,117.06721657554304,6.389984069610684,402.000000228366,15.53720347376873,0.11033010143602072,0.0005832126696725398,0.012257315758434433,0.4971187500893842,2.8196393491206426,6.837115691469317e-05,0.0026371599632289576,0.0007614075968703088,0.7605634844345858,0.005592307235706513,0.027215760310197328,0.001651047287332242,0.031174905037458706,0.015280242625312713,0.0008031750449894945,0.019019235236976715,0.0017003885613484872,0.00011530205945380539,0.00032445675891564754,1.3451214557458565e-05,17.89748449936292,8.88312705274093,0.7794115979039837,0.06303886044923807,2.0068599208123348,61.94383584154377,5.396339835547693,3.7576382759715092,1.8640144595834043,4.772043929710188,0.9827764924445097,8.652747698062441,3.408002411830072,8.138412969351894,1.4014035294439238,2.1855633647359305,24.20059979351491,3.4060854782840426,7.912857682592562,0.20207117964813712,5.1055009880773365,1.0072652207099146,5.6375048604792175,127.34512941321286,6.004461702862342,1.5,1
204.0,18.61050692484408,0.11213234546780258,0.0006026783954445075,0.01211081715148639,0.4702059021184592,2.8152275420814137,5.792117238317595e-05,0.00257102018570446,0.0008438993295352983,0.8245369524712652,0.00479903903347517,0.031125889933674624,0.0015126325889214562,0.030513919493057963,0.017366551339921862,0.0008262379497693722,0.02232827650679607,0.0014646956735598507,0.00011729407201784825,0.0003552090996365671,1.3756586865439527e-05,18.898086482223412,9.585333988680922,0.79648469233849,0.06499026602001265,2.371050050397396,81.20497098159059,7.369050572847093,3.9142199468326733,1.9085786078026377,5.744459033336161,0.9909101977612389,7.851499435296497,3.21648490029353,9.280722868393921,1.6313734545239404,2.1791319813660954,24.967095088536823,3.386905193514213,8.337643477599313,0.23480001380525872,5.793046821431523,1.0636567891986,6.805039651847363,131.898532083811,5.91311794283602,420.000000228366,19.218086357520058,0.13348884259574326,0.0005512394122621247,0.011660996468193937,0.46046993702864963,3.0142274241158775,6.471157843035312e-05,0.002624035708877643,0.0010264688666894804,0.7632027347091951,0.00421166503844656,0.029514533468891206,0.0011744683872612928,0.033250584281385206,0.016038135048492812,0.000880883278684466,0.019120091771672232,0.0015596753973018177,0.0001222099938815284,0.00036086528691102346,1.6387228746947024e-05,18.56541476490877,10.287505212839749,0.8232512034409879,0.06920320976985184,2.480220237693985,75.65165941106235,7.920940564844902,4.290216882925575,1.7448511229895463,6.197934638513225,0.8891489575718841,7.5656831162122185,3.008878167836859,10.166000903112483,1.6469815147808164,2.0719843529982422,25.781089837991335,3.7795531891486585,8.653177611354378,0.26474045172934,5.351357518161888,0.9743987135230381,7.185532025518324,139.12248753347487,6.686156820609767,1.5,1
216.0,19.486257407627875,0.12002927098504138,0.0006030346060682718,0.012885453903027318,0.47476890627225093,3.1047449247816834,5.544290995902336e-05,0.0027312424319163382,0.0007998997425937037,0.8770850218674914,0.004802734198366494,0.03112257794557864,0.001442801827435198,0.030549612231906723,0.01745218096313567,0.0008452561727683775,0.02242546667773617,0.0014562453773158148,0.00011736382265364306,0.00033473931933008166,1.3756588681274822e-05,19.84560570370474,10.020045625019717,0.8339191316584281,0.07094817738718037,2.4040256463724634,89.7059895684673,7.9534778114453655,4.057510654740254,2.041479727236417,6.241839804175776,1.0500189169645489,7.96960056391822,3.1038603852795874,9.41276798011532,1.5533274177031247,2.229368487673642,25.276286254417585,3.4799397965602297,8.403535273353553,0.2523351201506386,6.090388199040486,1.067080796532565,6.938701542720762,145.6759425280786,5.469632558853977,438.00000022836605,18.683492017294526,0.12545771309160986,0.0005273575640895569,0.011839358815178485,0.4868356621182972,3.2651699320701555,4.733493739813795e-05,0.0030101831296046517,0.0007728916456644121,0.9201808369566843,0.004888648488910608,0.027995740900755652,0.0015478011590687978,0.03064283466173036,0.02071787308989334,0.0009210132152739264,0.022982831057137373,0.0015098970146478334,0.00011009389935479999,0.00037213213096419224,1.6929513479808735e-05,23.25868908308216,9.573194715488548,0.9326388259979039,0.07851057009054561,2.4099236591561626,84.41997168722891,8.414103673290379,4.330220586612704,2.184463516658988,6.4018751884560805,1.038757978140335,8.589692564816607,3.1981471280778697,7.725976576877779,1.7193640490201108,1.9728850700774612,21.594414708704186,2.739721326258584,9.125704163942284,0.24321014967088325,6.165847760193377,1.0424536476206145,6.200147246856914,173.14115023066174,5.227950835937156,1.5,1
228.0,20.344781313322308,0.127704071322397,0.0006027376706899396,0.013640586789408106,0.47847532031660767,3.411300927689984,5.3355222173613945e-05,0.002874113575802658,0.000762751004148928,0.9261270742099549,0.004799613417940073,0.0311184117920663,0.0013823093213400457,0.030574010150726097,0.017518456882178936,0.0008637594379294816,0.022490922261071307,0.0014496307427679816,0.00011742243093557865,0.00031700232458892094,1.3756590209937884e-05,20.712565358395725,10.427777314973975,0.8744556277380041,0.07828832775372353,2.4348962408675345,97.83286580966063,8.511179999371391,4.185616700940641,2.1663913335548752,6.713491324771864,1.1108912684962684,8.080636855738904,3.0172720617652184,9.537890968656361,1.484702383287913,2.2762761101000812,25.52728907310337,3.566750519796214,8.46555546097208,0.2725108298190247,6.355112983845258,1.0719637181184298,7.064685450520395,158.52698831743297,5.0581327442167066,456.00000022836605,18.84779782566017,0.1298418145889547,0.0006745938898074408,0.012934316946379008,0.41642670780335667,3.645479953777476,5.4255792691892515e-05,0.0032348837755768307,0.0006729515512734314,1.0049239867755715,0.005100738658488001,0.026951168881874155,0.0011030251939332407,0.03289856978237949,0.01648024384189837,0.0008932850055872926,0.021079824115247506,0.0013890997210748168,0.00012056776163089256,0.0002848436938826966,1.2798760381226557e-05,19.994484115519175,13.380164611530844,0.764796966807844,0.07723424660198418,2.6021504024172586,90.17470388630588,6.992702353895081,3.9599216514038975,2.2135026270171467,7.16973855627737,1.2790524299375334,8.748152874139317,2.9682738165038707,10.70831239208871,1.5322540949202452,2.10300902766887,28.14619585373791,3.421365978529955,8.25791900539715,0.24174624835460884,5.712057917064803,1.0252787620716104,6.962240996801316,171.3356613144719,5.6205560678544835,1.5,1
240.0,21.188130672817604,0.13514213684642543,0.0006019068064229645,0.014374088850850848,0.4815163559315965,3.7338147768436523,5.158516435317594e-05,0.003002134539717236,0.0007312062637053333,0.9729103888601951,0.004790923041747409,0.031113977439477143,0.0013296531102603773,0.030591452342118214,0.017571284316362634,0.0008818595673751597,0.02252984191388834,0.0014445652388503766,0.00011747223969215,0.0003015417058605,1.3756591513264824e-05,21.50004740793971,10.812591675205672,0.9182546727711619,0.08737527678758827,2.4638355116742323,105.62838603019763,9.039648775934104,4.300289751349807,2.285151263889419,7.1569295391524195,1.1744349940649248,8.185241483116501,2.950342241076842,9.65654460798634,1.424121608118443,2.320150401556383,25.72858310336273,3.6478980143254343,8.523968778837528,0.2957060508645139,6.595770922829164,1.0780382402785187,7.183613254029004,170.55942271384868,4.6769317642644825,474.0000002283662,21.568010963247186,0.1300260174995021,0.0005625969683036418,0.012865346213526568,0.5249841095673327,3.645961747453052,5.160436113606262e-05,0.002968481893807292,0.0008129110473029005,0.9566240993243177,0.0048206036526766294,0.035815461145279504,0.0014069110928182128,0.030629225988324404,0.01748154356174795,0.001040927222179933,0.024988924004805187,0.0014364742660056737,9.775123774344817e-05,0.0003093972135656741,1.3558078172405118e-05,19.371570538100322,10.968593909579821,0.9476287846875115,0.09928986246040615,2.5859012815190914,100.95204064905944,9.170002477072345,4.407853060500026,2.0969490755390123,7.051729962156686,1.1142677585853593,9.020537545561904,3.46204453855929,9.238485175682465,1.6132927412234435,2.3731125767763457,22.44847501016915,4.092923451839161,8.89926198414753,0.33035148128087594,7.3159159085583205,0.9485898930690734,6.376797329318618,181.6026985738543,4.826274173876262,1.5,1
